player,player_id,position,team_name,player_game_count,batted_passes,declined_penalties,franchise_id,grades_pass_rush_defense,hits,hurries,pass_rush_opp,pass_rush_percent,pass_rush_win_rate,pass_rush_wins,penalties,prp,sacks,snap_counts_pass_play,snap_counts_pass_rush,total_pressures,true_pass_set_batted_passes,true_pass_set_grades_pass_rush_defense,true_pass_set_hits,true_pass_set_hurries,true_pass_set_pass_rush_opp,true_pass_set_pass_rush_percent,true_pass_set_pass_rush_win_rate,true_pass_set_pass_rush_wins,true_pass_set_prp,true_pass_set_sacks,true_pass_set_snap_counts_pass_play,true_pass_set_snap_counts_pass_rush,true_pass_set_total_pressures
Colby Reeder,30285,LB,IOWA STATE,1,0,0,193,64.6,0,1,8,34.8,12.5,1,0,18.8,1,23,8,2,0,61.4,0,1,3,60.0,33.3,1,16.7,0,5,3,1
Jordan Carmouche,39951,LB,ARK STATE,1,0,0,113,52.9,0,0,7,17.5,0.0,0,0,0.0,0,40,7,0,0,59.4,0,0,1,7.7,0.0,0,0.0,0,13,1,0
Monte McGary,42477,CB,KANSAS,1,0,0,198,59.0,0,0,1,50.0,0.0,0,0,0.0,0,2,1,0,0,59.0,0,0,1,50.0,0.0,0,0.0,0,2,1,0
Bricen Garner,42520,S,W MICHIGAN,1,1,0,347,66.6,0,0,2,5.4,0.0,0,0,0.0,0,37,2,0,0,,0,0,0,0.0,,0,,0,16,0,0
Brandon Bouyer-Randle,42637,LB,UCONN,1,1,0,146,62.1,0,1,14,32.6,7.1,1,0,3.6,0,43,14,1,0,55.3,0,0,5,41.7,0.0,0,0.0,0,12,5,0
Ryan McWood,43189,LB,MIAMI OH,1,0,0,221,52.4,0,0,6,11.8,0.0,0,0,0.0,0,51,6,0,0,56.7,0,0,2,15.4,0.0,0,0.0,0,13,2,0
Jaydon Grant,43354,S,OREGON ST,1,0,0,265,59.2,0,0,1,2.6,0.0,0,0,0.0,0,39,1,0,0,59.2,0,0,1,7.7,0.0,0,0.0,0,13,1,0
Jon-Michael Terry,43635,LB,TULSA,1,0,0,320,54.3,0,0,7,88.9,0.0,0,0,0.0,0,9,8,0,0,59.7,0,0,0,100.0,,0,,0,1,1,0
Tyrone Hopper,43714,ED,MISSOURI,1,0,1,229,57.0,0,0,3,66.7,0.0,0,1,0.0,0,6,4,0,0,,0,0,0,,,0,,0,0,0,0
Sione Tupou,44093,LB,TEXAS ST,1,0,0,314,82.9,0,1,9,15.5,33.3,3,0,5.6,0,58,9,1,0,59.4,0,0,1,6.7,0.0,0,0.0,0,15,1,0
Semisi Fakasiieiki,44340,LB,PURDUE,1,0,0,273,59.2,0,0,1,5.6,0.0,0,1,0.0,0,18,1,0,0,,0,0,0,0.0,,0,,0,8,0,0
Penei Pavihi,52079,LB,HAWAII,1,0,0,180,60.7,0,0,7,20.0,14.3,1,0,0.0,0,35,7,0,0,55.6,0,0,3,20.0,0.0,0,0.0,0,15,3,0
Alii Matau,52219,LB,S JOSE ST,1,0,0,285,47.1,0,1,17,65.4,0.0,0,0,2.9,0,26,17,1,0,45.8,0,1,7,77.8,0.0,0,7.1,0,9,7,1
Rico Tolefree,52250,LB,S JOSE ST,1,0,0,285,57.5,0,0,2,20.0,0.0,0,0,0.0,0,10,2,0,0,57.5,0,0,2,33.3,0.0,0,0.0,0,6,2,0
Gabe Reid,52273,ED,UTAH,1,0,0,328,71.5,0,1,9,90.9,33.3,3,0,5.6,0,11,10,1,0,58.9,0,0,0,100.0,,0,,0,1,1,0
Ryan Johnson,52282,ED,NWESTERN,1,0,0,256,60.8,0,2,9,90.0,11.1,1,0,11.1,0,10,9,2,0,55.7,0,0,5,100.0,0.0,0,0.0,0,5,5,0
Darrien Grant,52293,DI,USF,1,0,0,327,58.8,0,0,3,100.0,0.0,0,0,0.0,0,3,3,0,0,60.0,0,0,1,100.0,0.0,0,0.0,0,1,1,0
Bryce Dugan,52425,DI,OHIO,1,0,0,259,58.4,0,1,32,100.0,3.1,1,0,1.6,0,34,34,1,0,59.8,0,1,21,100.0,4.8,1,2.4,0,22,22,1
Tyler Bentley,52790,DI,PITTSBURGH,1,0,0,268,55.3,0,1,16,100.0,0.0,0,0,3.1,0,17,17,1,0,56.6,0,1,6,100.0,0.0,0,8.3,0,7,7,1
Cole Pearce,52970,LB,BALL ST,1,0,0,117,57.5,2,0,13,28.3,0.0,0,0,7.7,0,46,13,2,0,52.5,0,0,6,31.6,0.0,0,0.0,0,19,6,0
DeShawn Pace,53549,LB,CINCINNATI,1,0,0,138,57.7,0,0,4,40.0,0.0,0,0,0.0,0,10,4,0,0,,0,0,0,,,0,,0,0,0,0
Eric Phillips,53572,ED,CINCINNATI,1,0,0,138,69.0,0,2,19,100.0,10.5,2,0,5.3,0,19,19,2,0,58.0,0,0,2,100.0,0.0,0,0.0,0,2,2,0
Ivan Pace Jr.,53587,LB,CINCINNATI,1,0,0,138,75.4,1,2,8,36.4,25.0,2,0,18.8,0,22,8,3,0,,0,0,0,0.0,,0,,0,2,0,0
Carrington Valentine,53750,CB,KENTUCKY,1,0,0,202,55.6,0,1,3,11.1,0.0,0,0,16.7,0,27,3,1,0,,0,0,0,0.0,,0,,0,8,0,0
Jaheim Thomas,54193,LB,CINCINNATI,1,0,0,138,60.0,0,1,1,16.7,100.0,1,0,50.0,0,6,1,1,0,,0,0,0,,,0,,0,0,0,0
Chibueze Onwuka,55044,DI,BOSTON COL,1,0,0,121,56.0,1,1,27,100.0,0.0,0,0,3.7,0,28,28,2,0,56.5,1,1,4,100.0,0.0,0,25.0,0,4,4,2
Troy Brown,55050,LB,OLE MISS,1,0,0,226,64.3,0,1,4,13.3,25.0,1,0,12.5,0,30,4,1,0,67.5,0,1,2,16.7,50.0,1,25.0,0,12,2,1
Angelo Howze,55073,ED,AKRON,1,0,0,102,59.1,0,0,1,100.0,0.0,0,0,0.0,0,1,1,0,0,,0,0,0,,,0,,0,0,0,0
Jabari Taylor,55075,ED,CINCINNATI,1,0,0,138,64.3,0,1,18,100.0,11.1,2,0,2.8,0,18,18,1,0,58.0,0,0,2,100.0,0.0,0,0.0,0,2,2,0
Wilson Huber,55090,LB,CINCINNATI,1,0,0,138,71.8,0,2,5,27.8,40.0,2,0,20.0,0,18,5,2,0,66.3,0,1,2,100.0,50.0,1,25.0,0,2,2,1
Ian Swenson,55104,LB,UCONN,1,0,0,146,70.3,1,0,4,15.6,0.0,0,0,37.5,1,32,5,2,0,61.9,1,0,1,20.0,0.0,0,50.0,0,5,1,1
Caleb Thomas,55105,DI,LA MONROE,1,0,0,209,59.1,0,1,27,100.0,3.7,1,0,1.9,0,28,28,1,0,57.7,0,0,4,100.0,0.0,0,0.0,0,4,4,0
Jaylon Jones,55197,CB,GA STATE,1,0,0,175,59.5,0,0,1,3.6,0.0,0,1,0.0,0,28,1,0,0,,0,0,0,0.0,,0,,0,2,0,0
Anthony Montalvo,55417,DI,UCF,1,0,0,323,54.9,1,0,30,91.4,3.3,1,0,1.7,0,35,32,1,0,54.9,0,0,8,100.0,0.0,0,0.0,0,10,10,0
Mike Allen,55430,ED,W KENTUCKY,1,0,0,346,55.8,0,0,7,100.0,0.0,0,0,0.0,0,7,7,0,0,60.0,0,0,1,100.0,0.0,0,0.0,0,1,1,0
Tyler Williams,55432,DI,WAKE,1,0,0,339,69.3,1,0,5,100.0,20.0,1,0,10.0,0,5,5,1,0,,0,0,0,,,0,,0,0,0,0
Malik Hausman,55567,CB,HAWAII,1,0,0,180,59.2,0,0,1,2.7,0.0,0,0,0.0,0,37,1,0,0,,0,0,0,0.0,,0,,0,15,0,0
Wylan Free,55596,S,GA SOUTHRN,1,0,0,174,60.0,0,1,1,2.7,0.0,0,1,50.0,0,37,1,1,0,,0,0,0,0.0,,0,,0,10,0,0
Anthony Johnson,55628,CB,VIRGINIA,1,0,0,335,60.0,0,0,1,2.9,0.0,0,1,0.0,0,35,1,0,0,,0,0,0,0.0,,0,,0,17,0,0
Justin Broiles,55678,S,OKLAHOMA,1,0,0,261,55.9,0,0,4,18.2,0.0,0,0,0.0,0,22,4,0,0,60.0,0,0,1,50.0,0.0,0,0.0,0,2,1,0
Steven Jones Jr.,55785,CB,APP STATE,1,0,0,108,60.0,0,0,1,2.3,0.0,0,1,0.0,0,44,1,0,0,,0,0,0,0.0,,0,,0,13,0,0
Jahmin Muse,55830,S,BUFFALO,1,0,0,126,76.6,0,0,2,3.8,0.0,0,0,50.0,1,52,2,1,0,,0,0,0,0.0,,0,,0,21,0,0
Latavious Brini,55915,S,ARKANSAS,1,0,0,111,60.7,0,0,1,4.0,100.0,1,1,0.0,0,25,1,0,0,,0,0,0,0.0,,0,,0,2,0,0
Ameer Speed,55918,CB,MICH STATE,1,0,0,223,59.4,0,0,1,3.4,0.0,0,0,0.0,0,29,1,0,0,,0,0,0,0.0,,0,,0,10,0,0
Devodric Bynum,55931,CB,UAB,1,0,0,321,59.9,0,1,1,2.3,0.0,0,1,50.0,0,44,1,1,0,,0,0,0,0.0,,0,,0,7,0,0
Bennett Williams,55954,CB,OREGON,1,0,0,264,87.6,0,0,1,2.2,0.0,0,1,100.0,1,45,1,1,0,,0,0,0,0.0,,0,,0,19,0,0
Bryant Fitzgerald,55961,S,INDIANA,1,0,0,190,56.4,0,0,3,9.4,0.0,0,0,0.0,0,32,3,0,0,56.4,0,0,3,20.0,0.0,0,0.0,0,15,3,0
Camron Harrell,55965,CB,SO MISS,1,0,0,296,55.7,0,0,3,18.8,0.0,0,0,0.0,0,16,3,0,0,60.0,0,0,1,20.0,0.0,0,0.0,0,5,1,0
Gervarrius Owens,55987,S,HOUSTON,1,0,0,182,59.2,0,0,1,2.3,0.0,0,0,0.0,0,43,1,0,0,59.2,0,0,1,5.9,0.0,0,0.0,0,17,1,0
Tyrell Ajian,55995,S,KENTUCKY,1,0,0,202,76.8,0,0,1,5.0,0.0,0,0,100.0,1,20,1,1,0,76.8,0,0,1,16.7,0.0,0,100.0,1,6,1,1
Xavier Cullens,56044,LB,MEMPHIS,1,1,0,218,61.4,0,1,8,12.3,0.0,0,0,6.3,0,65,8,1,0,55.3,0,0,4,13.8,0.0,0,0.0,0,29,4,0
Tavyn Jackson,56164,S,COAST CAR,1,0,0,141,60.0,0,0,1,4.5,0.0,0,0,0.0,0,22,1,0,0,,0,0,0,0.0,,0,,0,5,0,0
Jalen Harris,56321,ED,ARIZONA,1,1,0,109,56.9,0,0,26,100.0,0.0,0,0,0.0,0,27,27,0,0,56.0,0,0,4,100.0,0.0,0,0.0,0,4,4,0
Jose Ramirez,56323,ED,E MICHIGAN,1,0,0,160,90.7,1,3,33,97.4,21.2,7,0,18.2,4,38,37,8,0,92.1,1,1,17,100.0,29.4,5,23.5,3,18,18,5
Marcus Valdez,56333,ED,BOSTON COL,1,0,0,121,55.3,0,1,26,93.1,3.8,1,0,1.9,0,29,27,1,0,56.6,0,0,3,75.0,0.0,0,0.0,0,4,3,0
Myles Cecil,56334,DI,VANDERBILT,1,0,0,333,56.2,0,1,17,100.0,5.9,1,0,2.9,0,17,17,1,0,58.6,0,0,2,100.0,0.0,0,0.0,0,2,2,0
Nick Figueroa,56335,ED,USC,1,0,0,326,77.6,0,2,9,100.0,33.3,3,0,33.3,2,9,9,4,0,78.9,0,2,4,100.0,50.0,2,50.0,1,4,4,3
Sam Burt,56379,DI,KANSAS,1,0,0,198,56.1,0,0,20,100.0,0.0,0,0,0.0,0,20,20,0,0,56.0,0,0,8,100.0,0.0,0,0.0,0,8,8,0
Zayin West,56384,ED,KENT STATE,1,0,0,201,64.9,0,1,12,100.0,16.7,2,0,4.2,0,12,12,1,0,59.2,0,0,1,100.0,0.0,0,0.0,0,1,1,0
Ibrahim Kante,56423,ED,BUFFALO,1,0,0,126,60.2,0,1,38,100.0,7.9,3,0,3.9,1,40,40,2,0,60.8,0,1,15,100.0,6.7,1,10.0,1,17,17,2
Brock Martin,56439,ED,OKLA STATE,1,1,1,262,71.1,1,3,52,94.6,15.4,8,1,5.8,1,56,53,5,1,75.5,1,2,22,100.0,22.7,5,6.8,0,23,23,3
Zion DeBose,56476,ED,KANSAS,1,0,0,198,56.3,0,0,5,100.0,0.0,0,0,0.0,0,5,5,0,0,58.0,0,0,2,100.0,0.0,0,0.0,0,2,2,0
Christian Mejia,56478,DI,WASH STATE,1,0,0,341,57.8,0,1,16,100.0,6.3,1,0,3.1,0,18,18,1,0,54.8,0,0,6,100.0,0.0,0,0.0,0,8,8,0
Victor Jones,56486,ED,AKRON,1,0,0,102,80.5,0,3,25,89.7,16.0,4,0,6.0,0,29,26,3,0,82.7,0,3,7,80.0,28.6,2,21.4,0,10,8,3
Antoine Cook,56490,ED,KENT STATE,1,0,0,201,65.7,0,0,5,100.0,20.0,1,0,0.0,0,5,5,0,0,59.7,0,0,1,100.0,0.0,0,0.0,0,1,1,0
Walter Haire,56555,DI,BOWL GREEN,1,0,0,122,59.7,0,0,11,100.0,9.1,1,0,0.0,0,13,13,0,0,61.8,0,0,6,100.0,16.7,1,0.0,0,8,8,0
Shaundre Mims,56570,DI,E CAROLINA,1,0,0,156,60.9,0,0,15,100.0,6.7,1,0,6.7,1,15,15,1,0,55.8,0,0,6,100.0,0.0,0,0.0,0,6,6,0
Kolby Wyatt,56615,ED,HAWAII,1,0,0,180,54.9,0,0,6,100.0,0.0,0,0,0.0,0,6,6,0,0,56.8,0,0,3,100.0,0.0,0,0.0,0,3,3,0
Jamal Woods,56640,DI,ILLINOIS,1,0,0,187,59.9,0,0,1,100.0,0.0,0,0,0.0,0,1,1,0,0,,0,0,0,,,0,,0,0,0,0
Alfred Bryant,56647,ED,INDIANA,1,0,0,190,54.7,0,5,28,96.6,7.1,2,0,8.9,0,29,28,5,0,62.2,0,4,13,100.0,15.4,2,15.4,0,13,13,4
Jamare Edwards,56686,DI,JAMES MAD,1,0,0,197,66.0,1,1,29,100.0,3.4,1,0,6.9,1,29,29,3,0,62.6,1,1,15,100.0,0.0,0,13.3,1,15,15,3
Bryce Brand,56691,ED,BOWL GREEN,1,0,0,122,56.2,0,0,5,75.0,0.0,0,0,0.0,0,8,6,0,0,58.2,0,0,1,66.7,0.0,0,0.0,0,3,2,0
DJ Johnson,56704,ED,OREGON,1,0,0,264,65.1,0,0,24,77.1,8.3,2,0,0.0,0,35,27,0,0,56.4,0,0,12,81.3,8.3,1,0.0,0,16,13,0
Caleb Sampson,56729,DI,KANSAS,1,1,0,198,70.2,0,3,26,100.0,7.7,2,0,5.8,0,26,26,3,1,72.5,0,2,10,100.0,10.0,1,10.0,0,10,10,2
Damian Jackson,56747,ED,BUFFALO,1,0,0,126,58.4,0,3,25,86.7,8.0,2,0,6.0,0,30,26,3,0,62.5,0,2,11,92.3,18.2,2,9.1,0,13,12,2
Jordon Riley,56759,DI,OREGON,1,0,0,264,62.1,0,0,13,86.7,7.7,1,0,0.0,0,15,13,0,0,56.6,0,0,7,100.0,0.0,0,0.0,0,7,7,0
Kaieem Caesar,56792,DI,OHIO,1,0,0,259,62.8,1,1,23,100.0,8.7,2,0,4.3,0,24,24,2,0,60.5,0,1,12,100.0,8.3,1,4.2,0,12,12,1
Jerron Cage,56796,DI,OHIO STATE,1,0,0,260,62.8,0,0,9,100.0,0.0,0,0,11.1,1,11,11,1,0,67.3,0,0,3,100.0,0.0,0,33.3,1,3,3,1
Deslin Alexandre,56807,ED,PITTSBURGH,1,0,0,268,60.8,3,2,38,100.0,10.5,4,1,9.2,1,40,40,6,0,62.2,2,1,14,100.0,14.3,2,17.9,1,14,14,4
Brad Johnson,56831,LB,S CAROLINA,1,0,0,289,60.0,0,0,1,5.3,0.0,0,0,0.0,0,19,1,0,0,,0,0,0,0.0,,0,,0,6,0,0
M.J. Webb,56833,DI,S CAROLINA,1,0,0,289,59.1,0,0,3,100.0,0.0,0,0,0.0,0,3,3,0,0,60.0,0,0,1,100.0,0.0,0,0.0,0,1,1,0
Zach Morton,56853,ED,AKRON,1,0,0,102,71.3,0,1,16,85.0,12.5,2,0,3.1,0,20,17,1,0,90.2,0,1,2,60.0,100.0,2,25.0,0,5,3,1
Justin Ellis,56855,ED,GA SOUTHRN,1,0,0,174,66.3,0,3,32,100.0,15.6,5,0,7.8,1,35,35,4,0,67.1,0,1,9,100.0,33.3,3,5.6,0,10,10,1
Curtis Harper,56859,DI,AKRON,1,0,0,102,56.1,0,0,14,100.0,0.0,0,0,0.0,0,14,14,0,0,57.8,0,0,4,100.0,0.0,0,0.0,0,4,4,0
Terrell Cooper,56860,ED,TCU,1,1,0,305,57.7,0,0,23,100.0,0.0,0,0,0.0,0,23,23,0,1,66.4,0,0,4,100.0,0.0,0,0.0,0,4,4,0
Ifeanyi Maijeh,56866,DI,RUTGERS,1,0,0,278,80.4,1,4,24,100.0,29.2,7,0,10.4,0,27,27,5,0,88.2,1,4,13,100.0,46.2,6,19.2,0,14,14,5
Nelson Mbanasor,56883,ED,TEXAS ST,1,0,0,314,62.4,0,0,43,100.0,11.6,5,0,0.0,0,44,44,0,0,64.7,0,0,10,100.0,20.0,2,0.0,0,10,10,0
Jacob Lichtenstein,56912,DI,MIAMI FL,1,0,0,220,56.4,0,0,11,100.0,0.0,0,0,0.0,0,11,11,0,0,58.7,0,0,2,100.0,0.0,0,0.0,0,2,2,0
Lamonte Mcdougle,56934,DI,UTSA,1,0,0,331,61.1,0,0,14,100.0,7.1,1,0,0.0,0,15,15,0,0,56.9,0,0,5,100.0,0.0,0,0.0,0,5,5,0
Vidal Scott,56965,DI,TEXAS TECH,1,0,0,315,55.7,0,0,12,100.0,0.0,0,0,0.0,0,13,13,0,0,59.8,0,0,0,100.0,,0,,0,1,1,0
Cory Durden,56976,DI,NC STATE,1,0,0,248,56.6,0,2,27,100.0,7.4,2,0,3.7,0,30,30,2,0,57.7,0,0,3,100.0,0.0,0,0.0,0,3,3,0
Eli Huggins,56987,DI,KANSAS ST,1,0,0,199,54.8,0,0,30,100.0,0.0,0,1,0.0,0,30,30,0,0,57.6,0,0,4,100.0,0.0,0,0.0,0,4,4,0
Jordan Ferguson,56995,ED,MIDDLE TN,1,0,0,224,60.5,1,1,23,100.0,8.7,2,0,4.3,0,24,24,2,0,61.8,0,1,6,100.0,16.7,1,8.3,0,6,6,1
Ja'Kerrius Wyatt,56997,DI,MIDDLE TN,1,0,0,224,55.9,0,0,15,100.0,0.0,0,0,0.0,0,16,16,0,0,56.7,0,0,5,100.0,0.0,0,0.0,0,5,5,0
Sherman Timbs,56999,ED,MISS STATE,1,0,0,227,58.3,0,0,2,66.7,0.0,0,0,0.0,0,3,2,0,0,,0,0,0,,,0,,0,0,0,0
Dom Peterson,57002,DI,NEVADA,1,0,0,239,86.2,0,3,19,100.0,42.1,8,0,7.9,0,20,20,3,0,83.5,0,2,11,100.0,45.5,5,9.1,0,12,12,2
Brendon Evers,57020,DI,OKLA STATE,1,0,0,262,56.8,0,2,29,100.0,3.4,1,0,3.4,0,32,32,2,0,60.4,0,2,11,100.0,9.1,1,9.1,0,12,12,2
George Ellis III,57030,ED,TCU,1,0,0,305,55.9,0,0,10,100.0,0.0,0,0,0.0,0,10,10,0,0,58.4,0,0,2,100.0,0.0,0,0.0,0,2,2,0
Brandon Pili,57036,DI,USC,1,0,0,326,57.2,0,3,17,100.0,5.9,1,0,8.8,0,19,19,3,0,58.5,0,3,10,100.0,10.0,1,15.0,0,12,12,3
Ravontae Holt,57042,DI,AKRON,1,0,0,102,61.5,1,1,21,100.0,4.8,1,0,4.8,0,22,22,2,0,60.5,1,0,7,100.0,0.0,0,7.1,0,8,8,1
Kyle Harrell,57437,ED,UAB,1,0,0,321,58.0,0,1,11,100.0,0.0,0,0,4.5,0,14,14,1,0,55.3,0,1,3,100.0,0.0,0,16.7,0,4,4,1
Vandarius Cowan,57677,ED,MARYLAND,1,0,0,215,66.2,0,0,11,84.6,18.2,2,0,0.0,0,13,11,0,0,59.5,0,0,1,100.0,0.0,0,0.0,0,1,1,0
Kyle Soelle,57702,LB,ARIZONA ST,1,0,0,110,59.7,0,0,1,1.7,0.0,0,0,0.0,0,60,1,0,0,59.7,0,0,1,3.3,0.0,0,0.0,0,30,1,0
Kyrei Fisher-Morris,57709,LB,OREGON ST,1,0,0,265,54.4,0,0,4,14.3,0.0,0,0,0.0,0,28,4,0,0,59.2,0,0,1,9.1,0.0,0,0.0,0,11,1,0
Kieren Douglas,57719,LB,PURDUE,1,0,0,273,66.0,0,0,2,23.1,0.0,0,0,0.0,0,13,3,0,0,,0,0,0,0.0,,0,,0,4,0,0
Ezekiel Noa,57750,LB,BOISE ST,1,0,0,120,74.6,1,0,7,28.0,14.3,1,0,21.4,1,25,7,2,0,63.0,1,0,4,57.1,0.0,0,12.5,0,7,4,1
Jerry Roberts,57759,LB,ARIZONA,1,0,0,109,68.1,0,0,2,6.9,50.0,1,0,0.0,0,29,2,0,0,,0,0,0,0.0,,0,,0,5,0,0
Ventrell Miller,57809,LB,FLORIDA,1,0,0,163,82.0,1,2,7,20.0,42.9,3,0,21.4,0,35,7,3,0,67.8,0,2,3,18.8,66.7,2,33.3,0,16,3,2
Leonard Warner III,57826,ED,FLORIDA ST,1,0,0,167,59.2,0,1,11,91.7,9.1,1,0,4.5,0,12,11,1,0,56.8,0,0,3,100.0,0.0,0,0.0,0,3,3,0
Jaden Hunter,57837,LB,W KENTUCKY,1,0,0,346,60.0,0,0,1,5.9,0.0,0,0,0.0,0,17,1,0,0,,0,0,0,0.0,,0,,0,1,0,0
Robert Beal Jr.,57840,ED,GEORGIA,1,0,0,173,62.7,0,4,17,70.8,17.6,3,0,11.8,0,24,17,4,0,66.7,0,3,11,78.6,27.3,3,13.6,0,14,11,3
O'Rien Vance,57881,LB,IOWA STATE,1,0,0,193,57.7,0,3,7,29.2,14.3,1,0,21.4,0,24,7,3,0,61.3,0,1,4,80.0,25.0,1,12.5,0,5,4,1
Isaac Ukwu,57888,ED,JAMES MAD,1,0,0,197,90.3,2,3,27,96.4,18.5,5,0,16.7,2,28,27,7,0,71.2,1,3,12,92.3,33.3,4,16.7,0,13,12,4
Kesean Gamble,57903,ED,KENT STATE,1,0,0,201,63.5,0,0,9,100.0,11.1,1,0,0.0,0,9,9,0,0,,0,0,0,,,0,,0,0,0,0
Jordan Wright,57907,ED,KENTUCKY,1,0,0,202,53.0,0,1,13,48.1,0.0,0,0,3.8,0,27,13,1,0,53.4,0,1,7,87.5,0.0,0,7.1,0,8,7,1
Tyler Taylor,57943,LB,UAB,1,0,0,321,69.2,0,0,3,11.1,33.3,1,0,33.3,1,27,3,1,0,57.5,0,0,2,50.0,0.0,0,0.0,0,4,2,0
Ayinde Eley,57955,LB,GA TECH,1,0,0,176,52.4,1,2,13,27.3,0.0,0,0,11.5,0,55,15,3,0,54.0,1,1,9,28.6,0.0,0,11.1,0,35,10,2
Bradley Jennings Jr.,57965,LB,INDIANA,1,0,0,190,55.8,0,0,3,12.0,0.0,0,0,0.0,0,25,3,0,0,57.4,0,0,2,18.2,0.0,0,0.0,0,11,2,0
Momo Sanogo,57986,LB,LOUISVILLE,1,0,0,210,50.5,0,1,10,31.4,0.0,0,0,5.0,0,35,11,1,0,51.1,0,1,6,43.8,0.0,0,8.3,0,16,7,1
Jairan Parker,57992,S,COAST CAR,1,0,0,141,68.2,0,2,3,11.5,0.0,0,0,66.7,1,26,3,3,0,,0,0,0,0.0,,0,,0,5,0,0
Isaiah Moore,58049,LB,NC STATE,1,0,0,248,56.4,0,1,3,14.3,0.0,0,0,16.7,0,28,4,1,0,,0,0,0,0.0,,0,,0,2,0,0
Michael Kennedy,58072,ED,N ILLINOIS,1,0,0,254,64.9,0,0,7,100.0,14.3,1,1,14.3,1,8,8,1,0,56.6,0,0,1,100.0,0.0,0,0.0,0,2,2,0
Chris Kolarevic,58077,LB,NEBRASKA,1,0,0,238,57.2,0,0,2,25.0,0.0,0,0,0.0,0,8,2,0,0,57.2,0,0,2,33.3,0.0,0,0.0,0,6,2,0
Cam Bright,58115,LB,WASHINGTON,1,0,0,340,67.6,0,1,3,11.5,33.3,1,0,16.7,0,26,3,1,0,69.5,0,1,2,33.3,50.0,1,25.0,0,6,2,1
CJ Onyechi,58123,ED,COLO STATE,1,0,0,144,62.0,3,2,35,94.9,8.6,3,0,10.0,1,39,37,6,0,65.3,1,2,14,93.3,21.4,3,17.9,1,15,14,4
Caden McDonald,58128,ED,S DIEGO ST,1,0,0,284,60.9,0,2,15,51.7,13.3,2,0,6.7,0,29,15,2,0,68.3,0,2,5,41.7,40.0,2,20.0,0,12,5,2
Seyddrick Lakalaka,58130,LB,S DIEGO ST,1,0,0,284,59.5,0,0,9,36.0,11.1,1,0,0.0,0,25,9,0,0,62.2,0,0,5,55.6,20.0,1,0.0,0,9,5,0
Sherrod Greene,58141,LB,S CAROLINA,1,0,0,289,65.7,0,0,4,12.5,0.0,0,0,25.0,1,32,4,1,0,67.6,0,0,3,23.1,0.0,0,33.3,1,13,3,1
Santrell Latham,58158,LB,SO MISS,1,0,0,296,60.0,0,0,1,3.7,0.0,0,0,0.0,0,27,1,0,0,,0,0,0,0.0,,0,,0,11,0,0
London Harris,58192,LB,TEXAS ST,1,0,0,314,50.6,0,1,13,22.4,0.0,0,0,3.8,0,58,13,1,0,55.7,0,1,4,28.6,0.0,0,12.5,0,14,4,1
Carlton Martial,58199,LB,TROY,1,0,0,318,58.1,0,0,2,5.4,0.0,0,1,0.0,0,37,2,0,0,,0,0,0,0.0,,0,,0,11,0,0
Monty Montgomery,58203,LB,LOUISVILLE,1,0,1,210,68.3,0,2,13,46.7,15.4,2,1,15.4,1,30,14,3,0,66.6,0,2,9,71.4,11.1,1,22.2,1,14,10,3
Kristopher Moll,58205,LB,WASHINGTON,1,0,0,340,58.5,0,0,2,40.0,0.0,0,0,0.0,0,5,2,0,0,,0,0,0,0.0,,0,,0,1,0,0
Hunter Echols,58237,ED,ARIZONA,1,0,0,109,76.8,0,3,18,76.9,33.3,6,1,8.3,0,26,20,3,0,55.9,0,0,4,80.0,0.0,0,0.0,0,5,4,0
Dimitri Moore,58261,ED,TEXAS TECH,1,0,0,315,57.2,0,0,4,50.0,0.0,0,0,0.0,0,8,4,0,0,58.8,0,0,1,50.0,0.0,0,0.0,0,2,1,0
Michael Owusu,58262,ED,VANDERBILT,1,0,0,333,56.2,0,0,9,50.0,0.0,0,0,0.0,0,18,9,0,0,58.8,0,0,1,50.0,0.0,0,0.0,0,2,1,0
Jaylen Griffin,58270,ED,VA TECH,1,0,0,337,64.0,0,2,18,95.5,11.1,2,0,5.6,0,22,21,2,0,56.0,0,0,3,80.0,0.0,0,0.0,0,5,4,0
Juwuan Jones,58290,ED,W KENTUCKY,1,0,0,346,59.6,0,2,27,90.0,7.4,2,0,3.7,0,30,27,2,0,,0,0,0,,,0,,0,0,0,0
Corvin Moment,58294,LB,W MICHIGAN,1,0,0,347,70.0,0,3,14,43.2,28.6,4,1,17.9,1,37,16,4,0,76.2,0,3,8,62.5,50.0,4,31.3,1,16,10,4
Izayah Green-May,58302,ED,N ILLINOIS,1,0,0,254,69.3,0,1,17,89.5,17.6,3,0,2.9,0,19,17,1,0,57.0,0,0,2,50.0,0.0,0,0.0,0,4,2,0
Tyreque Jones,60638,S,BOISE ST,1,0,0,120,48.2,0,1,1,3.3,0.0,0,0,50.0,0,30,1,1,0,59.7,0,0,1,12.5,0.0,0,0.0,0,8,1,0
Marquis Waters,60646,S,TEXAS TECH,1,0,0,315,56.1,0,0,10,20.8,0.0,0,0,0.0,0,53,11,0,0,58.2,0,0,2,15.4,0.0,0,0.0,0,13,2,0
Sam Kidd,60663,S,JAMES MAD,1,0,0,197,67.8,0,0,2,6.1,50.0,1,1,0.0,0,33,2,0,0,66.4,0,0,1,5.9,100.0,1,0.0,0,17,1,0
Jaiden Cole,60673,S,LA TECH,1,0,0,208,62.2,0,0,7,12.3,14.3,1,0,14.3,1,57,7,1,0,62.2,0,0,7,18.4,14.3,1,14.3,1,38,7,1
Alvin Floyd,60721,S,OHIO,1,0,0,259,58.9,0,0,2,5.0,0.0,0,0,0.0,0,60,3,0,0,,0,0,0,0.0,,0,,0,36,0,0
Thabo Mwaniki,60729,S,HOUSTON,1,0,0,182,59.2,0,0,1,25.0,0.0,0,0,0.0,0,4,1,0,0,59.2,0,0,1,33.3,0.0,0,0.0,0,3,1,0
Tyler Murray,60765,LB,MEMPHIS,1,0,0,218,59.9,0,0,2,5.9,0.0,0,0,0.0,0,34,2,0,0,,0,0,0,0.0,,0,,0,18,0,0
Will Boler,60771,S,UAB,1,0,0,321,59.6,0,0,1,3.2,0.0,0,0,0.0,0,31,1,0,0,59.6,0,0,1,16.7,0.0,0,0.0,0,6,1,0
Jack Camper,60962,ED,VIRGINIA,1,0,0,335,66.8,0,0,2,100.0,50.0,1,0,0.0,0,2,2,0,0,63.2,0,0,1,100.0,100.0,1,0.0,0,1,1,0
Keion White,60998,ED,GA TECH,1,0,0,176,61.8,0,3,25,90.3,16.0,4,0,6.0,0,31,28,3,0,62.0,0,3,16,94.7,18.8,3,9.4,0,19,18,3
Tyson Williams,61499,S,NEVADA,1,0,0,239,48.6,0,1,6,25.0,0.0,0,0,8.3,0,24,6,1,0,52.5,0,0,5,38.5,0.0,0,0.0,0,13,5,0
Daiyan Henley,61500,LB,WASH STATE,1,0,0,341,66.1,1,2,7,23.5,28.6,2,0,21.4,0,34,8,3,0,69.2,1,2,5,42.9,40.0,2,30.0,0,14,6,3
Dadrian Taylor,61789,LB,UTSA,1,0,0,331,51.4,0,1,14,34.8,0.0,0,0,3.6,0,46,16,1,0,53.1,0,1,4,38.5,0.0,0,12.5,0,13,5,1
Alex Cook,61805,S,WASHINGTON,1,0,0,340,60.0,0,0,1,3.8,0.0,0,0,0.0,0,26,1,0,0,,0,0,0,0.0,,0,,0,7,0,0
Lonnie Phelps,62497,ED,KANSAS,1,0,0,198,73.4,0,0,24,88.9,12.5,3,1,4.2,1,27,24,1,0,81.3,0,0,9,81.8,22.2,2,11.1,1,11,9,1
Diego Neri,62732,LB,BOWL GREEN,1,0,0,122,59.6,0,0,1,33.3,0.0,0,0,0.0,0,3,1,0,0,59.6,0,0,1,50.0,0.0,0,0.0,0,2,1,0
Darrius Bratton,62772,CB,VIRGINIA,1,0,0,335,60.0,0,1,1,16.7,0.0,0,0,50.0,0,6,1,1,0,,0,0,0,0.0,,0,,0,2,0,0
Kaleb Oliver,62915,S,W KENTUCKY,1,0,0,346,58.9,0,0,2,6.5,0.0,0,0,0.0,0,31,2,0,0,,0,0,0,0.0,,0,,0,3,0,0
Kivon Bennett,62934,ED,ARK STATE,1,0,0,113,66.7,0,5,31,100.0,16.1,5,0,8.1,0,32,32,5,0,63.6,0,2,11,100.0,18.2,2,9.1,0,11,11,2
Shanon Reid,62950,LB,SMU,1,0,0,287,57.7,0,0,2,6.3,0.0,0,0,0.0,0,32,2,0,0,,0,0,0,0.0,,0,,0,3,0,0
Solon Page III,62952,LB,TENNESSEE,1,0,0,307,55.1,0,0,4,21.1,0.0,0,0,0.0,0,19,4,0,0,59.4,0,0,1,25.0,0.0,0,0.0,0,4,1,0
LaTrell Bumphus,62977,DI,TENNESSEE,1,0,0,307,56.3,0,1,34,94.9,0.0,0,0,1.5,0,39,37,1,0,57.3,0,1,11,85.7,0.0,0,4.5,0,14,12,1
Jaquan Amos,63074,S,BALL ST,1,0,0,117,73.7,0,1,4,16.1,25.0,1,0,12.5,0,31,5,1,0,76.6,0,1,1,16.7,100.0,1,50.0,0,12,2,1
George Tarlas,63149,ED,BOISE ST,1,0,0,120,74.3,1,3,18,100.0,27.8,5,0,11.1,0,18,18,4,0,83.9,1,0,5,100.0,40.0,2,10.0,0,5,5,1
Lorenzo Hernandez,63161,DI,W KENTUCKY,1,0,0,346,55.1,0,3,23,100.0,8.7,2,0,6.5,0,23,23,3,0,,0,0,0,,,0,,0,0,0,0
Zack Woodard,63327,LB,LA MONROE,1,0,0,209,90.1,0,1,2,9.1,100.0,2,0,75.0,1,33,3,2,0,,0,0,0,0.0,,0,,0,6,0,0
Deylon Williams,63365,ED,UTEP,1,0,0,330,57.1,0,0,5,100.0,0.0,0,0,0.0,0,5,5,0,0,,0,0,0,,,0,,0,0,0,0
Noah Wilder,63376,LB,UAB,1,0,0,321,74.7,0,0,5,18.5,40.0,2,0,0.0,0,27,5,0,0,79.1,0,0,3,75.0,66.7,2,0.0,0,4,3,0
Christian Dixon,63397,LB,MIDDLE TN,1,0,0,224,67.8,0,0,2,11.1,50.0,1,0,0.0,0,18,2,0,0,,0,0,0,0.0,,0,,0,5,0,0
Darius Joiner,63618,S,DUKE,1,0,0,154,73.6,1,1,6,14.6,0.0,0,0,16.7,0,41,6,2,0,60.1,1,0,1,8.3,0.0,0,50.0,0,12,1,1
Kam Butler,63872,ED,VIRGINIA,1,0,0,335,66.9,2,1,25,96.6,16.0,4,1,6.0,0,29,28,3,0,64.6,0,1,11,100.0,18.2,2,4.5,0,14,14,1
John Wesley Whiteside,64155,DI,C MICHIGAN,1,0,0,134,63.6,0,0,19,100.0,10.5,2,0,0.0,0,19,19,0,0,59.6,0,0,12,100.0,8.3,1,0.0,0,12,12,0
Reynard Ellis,64363,LB,UAB,1,0,0,321,55.5,0,0,2,13.0,0.0,0,0,0.0,0,23,3,0,0,55.5,0,0,2,100.0,0.0,0,0.0,0,3,3,0
Adrian Hope,64444,ED,COAST CAR,1,0,0,141,82.5,0,3,18,94.7,27.8,5,0,13.9,1,19,18,4,0,70.4,0,2,5,100.0,40.0,2,40.0,1,5,5,3
Robi Stuart,65032,DI,C MICHIGAN,1,0,0,134,63.9,0,0,11,100.0,9.1,1,0,0.0,0,11,11,0,0,65.8,0,0,5,100.0,20.0,1,0.0,0,5,5,0
Ty Hamilton,66298,DI,OHIO STATE,1,0,0,260,56.6,0,0,17,100.0,0.0,0,0,0.0,0,17,17,0,0,57.5,0,0,3,100.0,0.0,0,0.0,0,3,3,0
Kobie Turner,66894,DI,WAKE,1,1,0,339,94.4,1,5,16,100.0,62.5,10,0,18.8,0,16,16,6,1,90.1,0,2,4,100.0,50.0,2,25.0,0,4,4,2
Korey Foreman,70831,ED,USC,1,0,0,326,58.4,0,3,18,76.0,16.7,3,0,8.3,0,25,19,3,0,66.4,0,2,11,100.0,27.3,3,9.1,0,11,11,2
Matthew Pola-Mao,70909,DI,ARIZONA ST,1,0,0,110,59.3,0,0,1,100.0,0.0,0,0,0.0,0,2,2,0,0,59.9,0,0,0,100.0,,0,,0,1,1,0
Keyon Ware-Hudson,71322,DI,OREGON,1,0,0,264,58.8,0,0,18,100.0,0.0,0,0,0.0,0,20,20,0,0,56.8,0,0,6,100.0,0.0,0,0.0,0,6,6,0
Easton Mascarenas-Arnold,71410,LB,OREGON ST,1,0,0,265,57.9,0,0,1,15.4,0.0,0,0,0.0,0,13,2,0,0,,0,0,0,0.0,,0,,0,3,0,0
Titus Toler,72147,S,WISCONSIN,1,0,1,349,60.0,0,0,1,7.1,0.0,0,1,0.0,0,14,1,0,0,,0,0,0,0.0,,0,,0,5,0,0
Kamren Fabiculanan,72332,S,WASHINGTON,1,0,0,340,59.9,0,0,1,5.3,0.0,0,0,0.0,0,19,1,0,0,,0,0,0,0.0,,0,,0,2,0,0
Justin Flowe,72388,LB,OREGON,1,0,0,264,54.4,0,1,4,16.0,0.0,0,0,12.5,0,25,4,1,0,54.4,0,1,4,40.0,0.0,0,12.5,0,10,4,1
Ian Shewell,72474,ED,NEW MEXICO,1,0,0,241,57.6,1,0,18,95.0,5.6,1,0,2.8,0,20,19,1,0,59.2,1,0,11,91.7,9.1,1,4.5,0,12,11,1
Maurice Wilmer,73825,LB,NEVADA,1,0,0,239,56.8,0,0,4,50.0,0.0,0,0,0.0,0,8,4,0,0,59.2,0,0,1,33.3,0.0,0,0.0,0,3,1,0
McKel Broussard,73850,S,UTEP,1,0,0,330,69.2,1,1,4,19.0,25.0,1,0,25.0,0,21,4,2,0,70.7,0,1,2,33.3,50.0,1,25.0,0,6,2,1
Treven Ma'ae,74498,ED,OREGON,1,0,0,264,62.3,0,1,10,100.0,10.0,1,0,5.0,0,10,10,1,0,56.9,0,0,4,100.0,0.0,0,0.0,0,4,4,0
Jowon Briggs,74867,DI,CINCINNATI,1,0,0,138,62.6,0,0,16,100.0,6.3,1,0,0.0,0,16,16,0,0,67.1,0,0,2,100.0,50.0,1,0.0,0,2,2,0
Andre Proffitt,75264,DI,AKRON,1,0,0,102,60.0,0,0,1,100.0,0.0,0,0,0.0,0,1,1,0,0,,0,0,0,,,0,,0,0,0,0
Solomon Byrd,75742,ED,USC,1,0,0,326,52.6,0,2,21,100.0,4.8,1,0,4.8,0,24,24,2,0,47.4,0,1,9,100.0,0.0,0,5.6,0,11,11,1
Uchenna Ezewike,75750,ED,UMASS,1,0,0,216,56.3,0,3,19,100.0,5.3,1,0,7.9,0,19,19,3,0,63.2,0,2,10,100.0,10.0,1,10.0,0,10,10,2
Jonah Kahahawai-Welch,75759,ED,HAWAII,1,0,0,180,59.8,1,1,29,91.2,6.9,2,0,3.4,0,34,31,2,0,57.6,0,1,10,84.6,10.0,1,5.0,0,13,11,1
Justus Tavai,75761,DI,S DIEGO ST,1,0,0,284,59.6,1,0,22,100.0,4.5,1,0,2.3,0,22,22,1,0,64.4,1,0,8,100.0,12.5,1,6.3,0,8,8,1
Blessman Ta'ala,75762,DI,HAWAII,1,0,0,180,60.4,1,0,28,100.0,7.1,2,0,1.8,0,29,29,1,0,62.3,1,0,9,100.0,11.1,1,5.6,0,9,9,1
Jonah Laulu,75763,ED,OKLAHOMA,1,0,1,261,57.0,0,1,10,90.9,0.0,0,1,5.0,0,11,10,1,0,59.7,0,0,1,100.0,0.0,0,0.0,0,1,1,0
Fo'i Sila,75767,DI,HAWAII,1,0,0,180,46.0,0,1,4,100.0,0.0,0,0,12.5,0,4,4,1,0,58.8,0,0,2,100.0,0.0,0,0.0,0,2,2,0
Devin Phillips,75771,DI,COLO STATE,1,0,0,144,55.4,0,0,12,100.0,0.0,0,0,0.0,0,12,12,0,0,56.1,0,0,4,100.0,0.0,0,0.0,0,4,4,0
Cam'Ron Carter,75811,LB,COLO STATE,1,0,0,144,53.5,0,1,7,20.6,0.0,0,0,7.1,0,34,7,1,0,54.4,0,1,4,30.8,0.0,0,12.5,0,13,4,1
Troy Golden,75814,ED,COLO STATE,1,0,0,144,74.2,1,0,6,100.0,33.3,2,0,25.0,1,6,6,2,0,78.1,1,0,3,100.0,66.7,2,50.0,1,3,3,2
Drake Cheatum,75906,S,KANSAS ST,1,0,0,199,60.0,1,0,1,3.3,0.0,0,0,50.0,0,30,1,1,0,60.0,1,0,1,20.0,0.0,0,50.0,0,5,1,1
Chandler Jones,76565,S,LOUISVILLE,1,0,0,210,60.0,0,0,1,11.1,0.0,0,0,0.0,0,9,1,0,0,,0,0,0,0.0,,0,,0,4,0,0
Montre Miller,76568,CB,KENT STATE,1,0,0,201,60.0,0,0,1,5.3,0.0,0,0,0.0,0,19,1,0,0,,0,0,0,0.0,,0,,0,2,0,0
Ar'mani Johnson,76586,CB,SMU,1,0,0,287,59.3,0,0,1,3.8,0.0,0,0,0.0,0,26,1,0,0,,0,0,0,0.0,,0,,0,4,0,0
Tanner McCalister,76591,S,OHIO STATE,1,0,0,260,59.5,0,0,1,3.7,0.0,0,0,0.0,0,27,1,0,0,,0,0,0,0.0,,0,,0,10,0,0
Jaiden Woodbey,76624,S,BOSTON COL,1,0,0,121,60.0,0,0,1,2.7,0.0,0,0,0.0,0,37,1,0,0,,0,0,0,0.0,,0,,0,5,0,0
Jason Maitre,76634,S,BOSTON COL,1,0,0,121,70.7,0,1,2,5.4,50.0,1,0,75.0,1,37,2,2,0,,0,0,0,0.0,,0,,0,5,0,0
Zamari Walton,76654,CB,GA TECH,1,0,0,176,64.7,0,2,3,6.1,33.3,1,0,33.3,0,49,3,2,0,68.2,0,1,2,6.7,50.0,1,25.0,0,30,2,1
Nasir Peoples,76665,S,VA TECH,1,0,0,337,59.4,0,0,1,3.8,0.0,0,0,0.0,0,26,1,0,0,59.4,0,0,1,14.3,0.0,0,0.0,0,7,1,0
Tanner Ingle,76667,S,NC STATE,1,0,0,248,63.3,0,1,5,13.5,0.0,0,0,10.0,0,37,5,1,0,59.7,0,0,1,25.0,0.0,0,0.0,0,4,1,0
Myles Berry,76702,LB,E CAROLINA,1,0,0,156,63.5,0,0,8,22.9,0.0,0,0,12.5,1,35,8,1,0,,0,0,0,0.0,,0,,0,11,0,0
DeMarvion Overshown,76729,LB,TEXAS,1,1,0,311,72.4,0,0,4,26.7,0.0,0,0,0.0,0,15,4,0,0,59.1,0,0,1,25.0,0.0,0,0.0,0,4,1,0
Ekow Boye-Doe,76742,CB,KANSAS ST,1,0,0,199,57.9,0,0,4,9.8,0.0,0,0,0.0,0,41,4,0,0,58.3,0,0,2,28.6,0.0,0,0.0,0,7,2,0
Cecil Singleton Jr.,76760,CB,LA TECH,1,0,0,208,57.1,1,0,9,19.6,11.1,1,0,5.6,0,46,9,1,0,57.2,1,0,8,23.5,12.5,1,6.3,0,34,8,1
Zaire Barnes,76766,LB,W MICHIGAN,1,0,0,347,57.0,0,0,3,8.1,0.0,0,0,0.0,0,37,3,0,0,57.7,0,0,2,12.5,0.0,0,0.0,0,16,2,0
Charlie Thomas III,76790,LB,GA TECH,1,0,0,176,66.4,0,5,17,32.7,23.5,4,0,14.7,0,55,18,5,0,64.5,0,4,15,42.9,20.0,3,13.3,0,35,15,4
D'Shawn Jamison,76791,CB,TEXAS,1,0,0,311,60.0,0,0,1,5.3,0.0,0,0,0.0,0,19,1,0,0,,0,0,0,0.0,,0,,0,5,0,0
Dennis Briggs Jr.,76792,DI,FLORIDA ST,1,0,0,167,53.7,0,1,15,100.0,0.0,0,0,3.3,0,16,16,1,0,53.9,0,1,8,100.0,0.0,0,6.3,0,9,9,1
Jarrett Jackson,76795,DI,FLORIDA ST,1,0,0,167,55.9,0,0,11,100.0,0.0,0,0,0.0,0,13,13,0,0,56.3,0,0,5,100.0,0.0,0,0.0,0,7,7,0
Thurman Geathers,76797,ED,ARK STATE,1,0,0,113,66.7,0,4,32,100.0,12.5,4,0,6.3,0,32,32,4,0,68.4,0,1,11,100.0,27.3,3,4.5,0,11,11,1
Chris Collins,76798,ED,N CAROLINA,1,0,0,245,56.0,0,0,4,66.7,0.0,0,0,0.0,0,6,4,0,0,59.1,0,0,1,100.0,0.0,0,0.0,0,1,1,0
Xavier Thomas,76807,ED,CLEMSON,1,0,0,140,93.1,1,1,6,100.0,33.3,2,0,50.0,2,6,6,4,0,94.4,1,0,4,100.0,50.0,2,62.5,2,4,4,3
KJ Henry,76808,ED,CLEMSON,1,0,0,140,70.7,1,8,24,75.0,25.0,6,0,18.8,0,32,24,9,0,71.0,0,5,13,86.7,30.8,4,19.2,0,15,13,5
Justin Mascoll,76809,ED,CLEMSON,1,0,0,140,53.5,0,0,14,87.5,0.0,0,0,0.0,0,16,14,0,0,56.3,0,0,5,71.4,0.0,0,0.0,0,7,5,0
Gary Wiley,76821,ED,SMU,1,0,0,287,43.5,0,1,13,81.3,0.0,0,0,3.8,0,16,13,1,0,59.2,0,0,1,100.0,0.0,0,0.0,0,1,1,0
Josh Landry,76834,DI,MISSOURI,1,0,0,229,47.0,0,1,6,100.0,0.0,0,0,8.3,0,6,6,1,0,46.1,0,1,1,100.0,0.0,0,50.0,0,1,1,1
Tyler Lacy,76836,ED,OKLA STATE,1,0,0,262,85.7,1,5,48,98.1,18.8,9,0,6.3,0,52,51,6,0,88.7,0,3,18,100.0,27.8,5,8.3,0,18,18,3
Ochaun Mathis,76838,ED,NEBRASKA,1,0,0,238,61.5,0,2,25,100.0,4.0,1,0,8.0,1,27,27,3,0,61.5,0,1,13,100.0,7.7,1,11.5,1,14,14,2
Will McDonald IV,76842,ED,IOWA STATE,1,0,0,193,71.0,0,1,18,95.0,16.7,3,0,13.9,2,20,19,3,0,71.1,0,0,4,100.0,25.0,1,25.0,1,4,4,1
Desjuan Johnson,76850,DI,TOLEDO,1,0,0,316,78.6,1,3,31,100.0,22.6,7,1,9.7,1,32,32,5,0,83.8,0,3,12,100.0,33.3,4,12.5,0,12,12,3
Jamal Hines,76853,ED,TOLEDO,1,0,0,316,63.8,0,4,29,96.7,6.9,2,0,10.3,1,30,29,5,0,66.2,0,2,15,100.0,6.7,1,13.3,1,15,15,3
Jack Sape,76858,DI,BALL ST,1,0,0,117,60.7,0,0,26,100.0,7.7,2,0,3.8,1,26,26,1,0,64.4,0,0,13,100.0,15.4,2,7.7,1,13,13,1
Jalen Redmond,76861,DI,OKLAHOMA,1,0,0,261,61.5,0,3,16,100.0,6.3,1,0,9.4,0,16,16,3,0,60.0,0,0,1,100.0,0.0,0,0.0,0,1,1,0
Robert Cooper,76863,DI,FLORIDA ST,1,0,0,167,60.0,0,0,1,100.0,0.0,0,0,0.0,0,1,1,0,0,60.0,0,0,1,100.0,0.0,0,0.0,0,1,1,0
John Morgan III,76865,ED,PITTSBURGH,1,0,0,268,63.5,1,1,27,96.9,11.1,3,1,3.7,0,32,31,2,0,63.8,1,0,12,100.0,8.3,1,4.2,0,14,14,1
Devin Danielson,76867,DI,PITTSBURGH,1,0,0,268,55.4,0,0,13,100.0,0.0,0,0,0.0,0,16,16,0,0,57.1,0,0,4,100.0,0.0,0,0.0,0,5,5,0
Chris Maloney,76868,ED,PITTSBURGH,1,1,0,268,58.6,0,0,13,100.0,0.0,0,0,0.0,0,13,13,0,0,,0,0,0,,,0,,0,0,0,0
Rondell Bothroyd,76873,ED,WAKE,1,0,0,339,67.7,0,0,17,94.4,17.6,3,0,5.9,1,18,17,1,0,65.8,0,0,4,100.0,25.0,1,0.0,0,4,4,0
Dion Bergan Jr.,76874,DI,WAKE,1,0,0,339,64.9,0,0,18,100.0,11.1,2,0,0.0,0,18,18,0,0,57.5,0,0,4,100.0,0.0,0,0.0,0,4,4,0
Alex Nobles,76878,ED,FIU,1,0,0,166,55.5,0,0,8,76.9,0.0,0,0,0.0,0,13,10,0,0,58.2,0,0,2,100.0,0.0,0,0.0,0,2,2,0
Ja'Quon Griffin,76882,DI,COAST CAR,1,0,0,141,84.1,0,3,23,100.0,26.1,6,0,6.5,0,23,23,3,0,72.6,0,0,5,100.0,40.0,2,0.0,0,5,5,0
T.K. Chimedza,76883,DI,GA TECH,1,0,0,176,56.6,0,0,8,100.0,0.0,0,0,0.0,0,9,9,0,0,57.1,0,0,5,100.0,0.0,0,0.0,0,5,5,0
Aaron Faumui,76885,DI,VIRGINIA,1,0,0,335,57.7,0,0,5,100.0,0.0,0,0,0.0,0,6,6,0,0,58.4,0,0,1,100.0,0.0,0,0.0,0,2,2,0
Nesta Jade Silvera,76888,DI,ARIZONA ST,1,0,0,110,52.9,0,1,48,100.0,0.0,0,0,1.0,0,51,51,1,0,53.9,0,1,21,100.0,0.0,0,2.4,0,23,23,1
Jordan Miller,76890,DI,MIAMI FL,1,0,0,220,57.3,0,0,8,100.0,0.0,0,0,0.0,0,8,8,0,0,58.1,0,0,3,100.0,0.0,0,0.0,0,3,3,0
Lwal Uguak,76898,ED,TCU,1,0,0,305,57.7,0,0,4,100.0,0.0,0,0,0.0,0,4,4,0,0,60.0,0,0,1,100.0,0.0,0,0.0,0,1,1,0
Randy Charlton,76902,ED,MISS STATE,1,0,0,227,53.6,0,0,20,90.9,0.0,0,0,0.0,0,22,20,0,0,54.4,0,0,5,83.3,0.0,0,0.0,0,6,5,0
Tyrese Black,76906,DI,LA MONROE,1,0,0,209,57.6,0,0,7,100.0,0.0,0,1,0.0,0,7,7,0,0,58.9,0,0,2,100.0,0.0,0,0.0,0,2,2,0
Moro Ojomo,76927,DI,TEXAS,1,0,0,311,63.7,0,0,9,100.0,11.1,1,0,0.0,0,9,9,0,0,66.4,0,0,2,100.0,50.0,1,0.0,0,2,2,0
Keondre Coburn,76928,DI,TEXAS,1,0,0,311,62.2,0,0,13,100.0,0.0,0,0,7.7,1,13,13,1,0,66.4,0,0,4,100.0,0.0,0,25.0,1,4,4,1
Jaylon Hutchings,76940,DI,TEXAS TECH,1,0,0,315,55.7,1,4,44,100.0,2.3,1,0,5.7,0,47,47,5,0,54.4,0,0,12,100.0,0.0,0,0.0,0,14,14,0
Karl Brooks,76941,ED,BOWL GREEN,1,0,0,122,85.0,1,0,10,100.0,30.0,3,0,5.0,0,10,10,1,0,77.0,0,0,3,100.0,66.7,2,0.0,0,3,3,0
Andre Carter,76957,ED,W MICHIGAN,1,0,0,347,62.9,1,1,27,100.0,3.7,1,1,7.4,1,30,30,3,0,63.2,0,1,10,100.0,10.0,1,5.0,0,12,12,1
Braden Fiske,76958,DI,W MICHIGAN,1,0,0,347,55.3,0,0,27,100.0,0.0,0,1,0.0,0,30,30,0,0,55.6,0,0,10,100.0,0.0,0,0.0,0,12,12,0
Jeffrey Griffin Jr.,76961,DI,N ILLINOIS,1,0,0,254,58.1,0,0,7,100.0,0.0,0,0,0.0,0,7,7,0,0,60.0,0,0,1,100.0,0.0,0,0.0,0,1,1,0
Habakkuk Baldonado,76972,ED,PITTSBURGH,1,0,1,268,57.3,1,2,18,100.0,11.1,2,1,8.3,0,20,20,3,0,54.6,0,1,7,100.0,14.3,1,7.1,0,7,7,1
LaQuan Johnson Jr.,76978,ED,C MICHIGAN,1,0,0,134,78.4,1,5,19,100.0,31.6,6,0,15.8,0,19,19,6,0,78.4,0,4,13,100.0,38.5,5,15.4,0,13,13,4
Kylen McCracken,76980,DI,OHIO,1,0,0,259,60.7,0,1,12,100.0,8.3,1,0,4.2,0,12,12,1,0,61.7,0,1,8,100.0,12.5,1,6.3,0,8,8,1
David Green,76988,DI,PITTSBURGH,1,0,0,268,58.0,0,0,24,100.0,4.2,1,0,0.0,0,26,26,0,0,56.7,0,0,5,100.0,0.0,0,0.0,0,6,6,0
Logan Hawkins,76989,DI,AKRON,1,0,0,102,57.2,0,0,4,100.0,0.0,0,0,0.0,0,4,4,0,0,59.8,0,0,1,100.0,0.0,0,0.0,0,1,1,0
Khris Banks,77000,ED,BOSTON COL,1,1,0,121,65.6,0,0,7,100.0,0.0,0,0,0.0,0,7,7,0,1,63.7,0,0,1,100.0,0.0,0,0.0,0,1,1,0
Darren Brown,77004,DI,SMU,1,0,0,287,59.8,0,0,1,100.0,0.0,0,0,0.0,0,1,1,0,0,,0,0,0,,,0,,0,0,0,0
Terrance Newman,77005,DI,SMU,1,0,0,287,63.0,0,1,17,100.0,5.9,1,0,2.9,0,18,18,1,0,,0,0,0,,,0,,0,0,0,0
Jordan Kelley,77009,DI,OKLAHOMA,1,0,0,261,57.8,0,0,6,100.0,0.0,0,0,0.0,0,7,7,0,0,60.0,0,0,1,100.0,0.0,0,0.0,0,1,1,0
Samuela Tuihalamaka,77013,DI,OKLA STATE,1,0,0,262,66.4,0,0,14,100.0,7.1,1,0,7.1,1,15,15,1,0,64.4,0,0,6,100.0,0.0,0,16.7,1,6,6,1
Amadou Fofana,77014,ED,COAST CAR,1,0,0,141,63.4,0,0,10,100.0,10.0,1,0,0.0,0,10,10,0,0,59.2,0,0,1,100.0,0.0,0,0.0,0,1,1,0
Isaiah Lee,77016,DI,IOWA STATE,1,0,0,193,61.0,0,0,17,100.0,0.0,0,0,0.0,0,18,18,0,0,58.0,0,0,3,100.0,0.0,0,0.0,0,3,3,0
Jaylen Pickle,77022,ED,KANSAS ST,1,0,0,199,56.2,0,1,10,100.0,0.0,0,0,5.0,0,10,10,1,0,59.4,0,0,1,100.0,0.0,0,0.0,0,1,1,0
Eddie Wilson,77027,DI,KANSAS,1,0,0,198,64.4,2,0,8,100.0,12.5,1,0,12.5,0,8,8,2,0,67.9,1,0,2,100.0,50.0,1,25.0,0,2,2,1
Realus George Jr.,77029,DI,MISSOURI,1,0,0,229,64.5,0,1,7,100.0,14.3,1,0,7.1,0,7,7,1,0,60.8,0,1,1,100.0,100.0,1,50.0,0,1,1,1
Yasir Abdullah,77100,ED,LOUISVILLE,1,0,0,210,78.5,0,4,30,81.6,33.3,10,0,10.0,1,38,31,5,0,76.5,0,2,13,82.4,46.2,6,15.4,1,17,14,3
Joe Sparacio,77102,LB,E MICHIGAN,1,0,0,160,51.2,0,1,4,10.0,0.0,0,0,12.5,0,40,4,1,0,53.3,0,1,1,5.3,0.0,0,50.0,0,19,1,1
Hugh Davis,77103,LB,LA TECH,1,0,0,208,69.7,1,1,7,12.5,28.6,2,0,14.3,0,56,7,2,0,68.5,1,1,3,8.1,33.3,1,33.3,0,37,3,2
Jacorey Johns,77105,ED,WAKE,1,0,0,339,69.0,0,0,4,80.0,25.0,1,0,25.0,1,5,4,1,0,,0,0,0,,,0,,0,0,0,0
Ryan Smenda Jr.,77106,LB,WAKE,1,0,0,339,62.3,0,1,6,40.0,16.7,1,0,8.3,0,15,6,1,0,59.3,0,0,1,33.3,0.0,0,0.0,0,3,1,0
Juan Wallace,77110,LB,KENT STATE,1,0,0,201,59.4,0,0,1,50.0,0.0,0,0,0.0,0,2,1,0,0,59.4,0,0,1,100.0,0.0,0,0.0,0,1,1,0
Jordan Domineck,77116,ED,ARKANSAS,1,0,0,111,54.4,0,0,13,100.0,0.0,0,0,0.0,0,16,16,0,0,59.9,0,0,0,100.0,,0,,0,1,1,0
Shaka Heyward,77120,LB,DUKE,1,0,0,154,59.1,0,0,1,5.9,0.0,0,1,0.0,0,17,1,0,0,59.1,0,0,1,20.0,0.0,0,0.0,0,5,1,0
Rocky Shelton II,77121,LB,DUKE,1,0,0,154,63.7,0,1,1,14.3,100.0,1,0,50.0,0,7,1,1,0,63.7,0,1,1,50.0,100.0,1,50.0,0,2,1,1
Dax Hollifield,77124,LB,VA TECH,1,0,0,337,53.8,0,0,4,16.7,0.0,0,0,0.0,0,30,5,0,0,53.8,0,0,4,62.5,0.0,0,0.0,0,8,5,0
Payton Wilson,77127,LB,NC STATE,1,0,0,248,56.6,1,2,12,37.8,16.7,2,0,12.5,0,37,14,3,0,66.2,0,0,3,75.0,33.3,1,0.0,0,4,3,0
Calvin Hart Jr.,77128,LB,ILLINOIS,1,0,0,187,64.5,1,0,5,21.7,0.0,0,0,10.0,0,23,5,1,0,65.6,1,0,3,37.5,0.0,0,16.7,0,8,3,1
Patrick Joyner Jr.,77133,ED,UTAH ST,1,0,0,329,61.8,0,1,8,100.0,12.5,1,0,6.3,0,10,10,1,0,58.2,0,0,1,100.0,0.0,0,0.0,0,2,2,0
Mike Jones Jr.,77134,LB,LSU,1,0,0,211,60.0,0,0,1,12.5,0.0,0,0,0.0,0,8,1,0,0,,0,0,0,,,0,,0,0,0,0
Ty Van Fossen,77147,LB,CINCINNATI,1,0,0,138,67.1,0,1,4,26.7,25.0,1,0,12.5,0,15,4,1,0,,0,0,0,0.0,,0,,0,2,0,0
Eriq Gilyard,77152,LB,KANSAS,1,0,0,198,59.2,0,0,1,9.1,0.0,0,0,0.0,0,11,1,0,0,59.2,0,0,1,20.0,0.0,0,0.0,0,5,1,0
Jaylon Allen,77156,ED,MEMPHIS,1,1,0,218,56.3,0,1,47,76.9,6.4,3,1,1.1,0,65,50,1,1,53.8,0,1,26,96.6,3.8,1,1.9,0,29,28,1
Anthony Goodlow,77164,ED,TULSA,1,0,0,320,82.6,1,1,7,100.0,28.6,2,0,14.3,0,8,8,2,0,60.0,0,0,0,100.0,,0,,0,1,1,0
Jimmy Phillips Jr.,77166,LB,SMU,1,0,0,287,57.2,0,0,5,18.8,0.0,0,0,0.0,0,32,6,0,0,,0,0,0,0.0,,0,,0,6,0,0
James Patterson,77169,LB,BUFFALO,1,0,0,126,76.5,0,1,2,6.7,50.0,1,0,25.0,0,45,3,1,0,76.5,0,1,2,16.7,50.0,1,25.0,0,18,3,1
Dwayne Boyles,77186,LB,USF,1,0,0,327,56.0,1,1,2,7.1,0.0,0,0,50.0,0,28,2,2,0,59.2,0,1,1,8.3,0.0,0,50.0,0,12,1,1
Gerard Stringer,77188,S,E CAROLINA,1,0,0,156,66.1,0,0,5,13.2,0.0,0,0,20.0,1,38,5,1,0,66.8,0,0,3,27.3,0.0,0,33.3,1,11,3,1
Jireh Wilson,77192,S,E CAROLINA,1,0,0,156,59.1,0,0,1,5.9,0.0,0,0,0.0,0,17,1,0,0,59.1,0,0,1,16.7,0.0,0,0.0,0,6,1,0
DaShaun White,77198,LB,OKLAHOMA,1,0,0,261,56.2,0,0,6,20.0,0.0,0,0,0.0,0,35,7,0,0,,0,0,0,0.0,,0,,0,2,0,0
Byron Vaughns,77206,ED,UTAH ST,1,0,0,329,59.1,0,0,7,81.8,0.0,0,0,0.0,0,11,9,0,0,64.4,0,0,3,80.0,0.0,0,0.0,0,5,4,0
Gerry Vaughn,77220,LB,IOWA STATE,1,0,0,193,74.4,0,2,3,14.3,66.7,2,0,33.3,0,21,3,2,0,74.4,0,2,3,60.0,66.7,2,33.3,0,5,3,2
Kendell Jackson,77222,LB,IOWA STATE,1,0,0,193,59.5,0,0,1,25.0,0.0,0,0,0.0,0,4,1,0,0,,0,0,0,,,0,,0,0,0,0
Nick Allen,77229,LB,KANSAS ST,1,0,0,199,65.1,0,1,3,30.0,33.3,1,0,16.7,0,10,3,1,0,59.6,0,0,1,50.0,0.0,0,0.0,0,2,1,0
Daniel Green,77232,LB,KANSAS ST,1,0,0,199,57.8,1,0,9,29.0,0.0,0,0,5.6,0,31,9,1,0,54.9,0,0,3,60.0,0.0,0,0.0,0,5,3,0
Xavier Benson,77236,LB,OKLA STATE,1,0,0,262,62.3,1,0,4,7.9,0.0,0,0,12.5,0,63,5,1,0,59.2,0,0,1,3.8,0.0,0,0.0,0,26,1,0
Ryan Selig,77254,LB,W MICHIGAN,1,0,0,347,75.7,0,2,10,27.0,30.0,3,1,20.0,1,37,10,3,0,65.6,0,1,3,18.8,33.3,1,16.7,0,16,3,1
Bryce Houston,77265,LB,OHIO,1,0,0,259,95.4,0,0,2,4.0,50.0,1,0,50.0,1,50,2,1,0,96.0,0,0,1,3.8,100.0,1,100.0,1,26,1,1
Keye Thompson,77266,LB,OHIO,1,0,0,259,65.7,0,0,2,5.1,50.0,1,0,0.0,0,59,3,0,0,66.9,0,0,1,2.8,100.0,1,0.0,0,36,1,0
Jack McCrory,77267,ED,OHIO,1,0,0,259,59.0,0,0,48,98.0,6.3,3,0,0.0,0,50,49,0,0,62.3,0,0,27,100.0,11.1,3,0.0,0,28,28,0
Max Michel,77272,ED,BUFFALO,1,0,0,126,63.3,0,1,14,87.5,7.1,1,0,10.7,1,16,14,2,0,62.4,0,0,8,100.0,0.0,0,12.5,1,8,8,1
Vinny DePalma,77273,LB,BOSTON COL,1,0,0,121,64.4,0,2,6,22.2,0.0,0,0,16.7,0,27,6,2,0,66.3,0,1,3,75.0,0.0,0,16.7,0,4,3,1
Jeffery Johnson,77312,DI,OKLAHOMA,1,0,0,261,59.1,0,0,5,100.0,0.0,0,0,0.0,0,5,5,0,0,,0,0,0,,,0,,0,0,0,0
Noah Taylor,77559,ED,N CAROLINA,1,0,0,245,65.0,0,4,37,63.3,8.1,3,0,5.4,0,60,38,4,0,66.7,0,2,11,70.6,18.2,2,9.1,0,17,12,2
Dyontae Johnson,77568,LB,TOLEDO,1,0,0,316,63.2,0,1,5,14.6,0.0,0,0,10.0,0,48,7,1,0,59.6,0,0,1,5.6,0.0,0,0.0,0,18,1,0
Sean Michael Flanagan,77812,S,OKLA STATE,1,0,0,262,60.0,0,0,0,2.2,,0,0,,0,45,1,0,0,,0,0,0,0.0,,0,,0,21,0,0
Kendarin Ray,77823,S,TULSA,1,0,0,320,60.8,1,0,8,100.0,12.5,1,0,6.3,0,9,9,1,0,59.7,0,0,0,100.0,,0,,0,1,1,0
Patrick Fields,77835,S,STANFORD,1,0,0,300,60.0,0,0,1,2.5,0.0,0,0,0.0,0,40,1,0,0,,0,0,0,0.0,,0,,0,21,0,0
Jason Taylor II,77842,S,OKLA STATE,1,0,0,262,60.0,0,0,1,1.3,0.0,0,0,0.0,0,79,1,0,0,,0,0,0,0.0,,0,,0,31,0,0
Malcolm Lee,77861,S,BALL ST,1,0,0,117,59.9,0,0,1,2.2,0.0,0,0,0.0,0,46,1,0,0,,0,0,0,0.0,,0,,0,19,0,0
Jalen Hooks,77865,CB,AKRON,1,0,0,102,59.6,0,0,1,5.0,0.0,0,0,0.0,0,20,1,0,0,,0,0,0,0.0,,0,,0,6,0,0
Decorian Patterson,78673,CB,MIDDLE TN,1,0,0,224,58.9,0,0,1,3.3,0.0,0,1,0.0,0,30,1,0,0,58.9,0,0,1,12.5,0.0,0,0.0,0,8,1,0
Chris Chukwuneke,78703,CB,JAMES MAD,1,0,0,197,55.9,0,1,5,23.8,0.0,0,0,10.0,0,21,5,1,0,57.5,0,1,2,16.7,0.0,0,25.0,0,12,2,1
NaJee Thompson,78869,CB,GA SOUTHRN,1,0,0,174,60.0,0,0,1,3.7,0.0,0,0,0.0,0,27,1,0,0,,0,0,0,0.0,,0,,0,6,0,0
Cincere Mason,79045,S,KANSAS ST,1,0,0,199,59.0,0,0,1,9.1,0.0,0,0,0.0,0,11,1,0,0,59.0,0,0,1,50.0,0.0,0,0.0,0,2,1,0
Quae Drake,79192,ED,LA MONROE,1,0,0,209,53.9,0,0,18,56.3,0.0,0,0,0.0,0,32,18,0,0,55.2,0,0,5,100.0,0.0,0,0.0,0,5,5,0
Parker Devine,79211,DI,GA SOUTHRN,1,0,0,174,56.6,0,0,9,100.0,0.0,0,0,0.0,0,10,10,0,0,57.4,0,0,3,100.0,0.0,0,0.0,0,3,3,0
Jorden Starling,79217,ED,MIDDLE TN,1,0,0,224,55.5,0,0,9,100.0,0.0,0,0,0.0,0,9,9,0,0,57.7,0,0,2,100.0,0.0,0,0.0,0,2,2,0
Dillon Springer,79218,ED,GA SOUTHRN,1,0,0,174,57.6,0,1,32,100.0,6.3,2,0,1.6,0,35,35,1,0,58.5,0,0,9,100.0,11.1,1,0.0,0,10,10,0
Michael Taylor,79311,ED,OHIO,1,0,0,259,59.4,0,0,1,100.0,0.0,0,0,0.0,0,1,1,0,0,59.4,0,0,1,100.0,0.0,0,0.0,0,1,1,0
Warren Dabney,79351,DI,W MICHIGAN,1,0,0,347,65.6,0,1,17,100.0,5.9,1,0,2.9,0,20,20,1,0,56.7,0,0,5,100.0,0.0,0,0.0,0,7,7,0
Jordan Branch,79367,DI,MIDDLE TN,1,0,0,224,56.1,0,0,17,100.0,0.0,0,0,0.0,0,18,18,0,0,57.6,0,0,4,100.0,0.0,0,0.0,0,4,4,0
Mateo Jackson,79503,LB,JAMES MAD,1,0,0,197,59.3,0,0,1,33.3,0.0,0,0,0.0,0,3,1,0,0,59.3,0,0,1,50.0,0.0,0,0.0,0,2,1,0
Chance Bates,79513,LB,E CAROLINA,1,0,0,156,58.6,0,0,2,25.0,0.0,0,0,0.0,0,8,2,0,0,59.5,0,0,1,50.0,0.0,0,0.0,0,2,1,0
Marcus Cushnie,79548,ED,UMASS,1,0,0,216,70.2,0,4,25,100.0,20.0,5,0,12.0,1,25,25,5,0,73.7,0,2,15,100.0,33.3,5,13.3,1,15,15,3
Nick Hampton,81162,ED,APP STATE,1,0,0,108,61.9,0,2,25,81.8,12.0,3,0,4.0,0,33,27,2,0,64.5,0,2,7,90.0,28.6,2,14.3,0,10,9,2
Logan Doublin,81165,LB,APP STATE,1,0,0,108,53.7,0,2,5,20.0,0.0,0,0,20.0,0,25,5,2,0,56.8,0,1,2,33.3,0.0,0,25.0,0,6,2,1
Trey Cobb,81166,LB,APP STATE,1,0,0,108,59.4,0,1,1,5.3,0.0,0,0,50.0,0,19,1,1,0,,0,0,0,0.0,,0,,0,7,0,0
Tyler Bird,81168,LB,APP STATE,1,0,0,108,57.6,0,0,2,16.7,0.0,0,0,0.0,0,12,2,0,0,,0,0,0,0.0,,0,,0,1,0,0
Merlin Robertson,81171,LB,ARIZONA ST,1,0,0,110,46.6,0,1,5,8.3,0.0,0,0,10.0,0,60,5,1,0,46.8,0,1,3,10.0,0.0,0,16.7,0,30,3,1
Andrew Parker,81176,LB,APP STATE,1,0,0,108,66.5,1,0,2,9.4,0.0,0,1,25.0,0,32,3,1,0,66.5,1,0,2,25.0,0.0,0,25.0,0,12,3,1
Bumper Pool,81177,LB,ARKANSAS,1,0,0,111,60.0,0,0,1,2.7,0.0,0,0,0.0,0,37,1,0,0,,0,0,0,0.0,,0,,0,2,0,0
Cincir Evans,81209,LB,MEMPHIS,1,0,0,218,55.7,0,0,7,15.9,0.0,0,0,0.0,0,44,7,0,0,56.3,0,0,3,15.0,0.0,0,0.0,0,20,3,0
Jamar Darboe,81213,LB,COAST CAR,1,0,0,141,60.0,0,0,0,7.7,,0,0,,0,13,1,0,0,,0,0,0,0.0,,0,,0,3,0,0
Andrew Chatfield Jr.,81219,ED,OREGON ST,1,0,0,265,77.4,0,2,13,100.0,15.4,2,0,7.7,0,14,14,2,0,86.3,0,2,6,100.0,33.3,2,16.7,0,7,7,2
Aaron Casey,81245,LB,INDIANA,1,0,0,190,53.2,0,0,7,19.4,0.0,0,0,0.0,0,36,7,0,0,53.1,0,0,6,37.5,0.0,0,0.0,0,16,6,0
Joe Evans,81247,ED,IOWA,1,0,0,192,64.1,0,0,16,94.4,12.5,2,0,0.0,0,18,17,0,0,66.2,0,0,2,75.0,50.0,1,0.0,0,4,3,0
Seth Benson,81255,LB,IOWA,1,0,0,192,73.1,1,2,4,12.9,25.0,1,0,37.5,0,31,4,3,0,67.0,0,2,3,60.0,33.3,1,33.3,0,5,3,2
DeAndre Square,81267,LB,KENTUCKY,1,0,0,202,65.1,0,0,4,16.7,0.0,0,0,25.0,1,24,4,1,0,57.2,0,0,2,25.0,0.0,0,0.0,0,8,2,0
Micah Baskerville,81281,LB,LSU,1,0,0,211,65.0,0,1,5,14.7,20.0,1,0,10.0,0,34,5,1,0,,0,0,0,0.0,,0,,0,5,0,0
Ahmad McCullough,81291,LB,MARYLAND,1,0,0,215,57.6,0,0,2,10.0,0.0,0,1,0.0,0,20,2,0,0,58.9,0,0,1,12.5,0.0,0,0.0,0,8,1,0
Durell Nchami,81292,ED,MARYLAND,1,0,1,215,82.9,1,0,18,83.3,27.8,5,1,13.9,2,24,20,3,0,81.3,1,0,8,88.9,25.0,2,18.8,1,9,8,2
Chase Kline,81302,LB,E MICHIGAN,1,0,0,160,66.9,0,1,2,9.5,50.0,1,0,25.0,0,42,4,1,0,,0,0,0,0.0,,0,,0,19,0,0
Nathaniel Watson,81317,LB,MISS STATE,1,0,0,227,63.0,0,1,5,31.3,0.0,0,0,10.0,0,16,5,1,0,64.5,0,1,3,60.0,0.0,0,16.7,0,5,3,1
Aaron Brule,81318,LB,MICH STATE,1,0,0,223,56.9,0,0,4,80.0,0.0,0,0,0.0,0,5,4,0,0,58.1,0,0,2,100.0,0.0,0,0.0,0,2,2,0
Jett Johnson,81319,LB,MISS STATE,1,0,0,227,53.8,0,1,9,32.1,11.1,1,0,5.6,0,28,9,1,0,46.6,0,1,4,50.0,0.0,0,12.5,0,8,4,1
Jack Powers,81332,ED,E CAROLINA,1,0,0,156,54.8,0,0,7,77.8,0.0,0,0,0.0,0,9,7,0,0,57.9,0,0,2,100.0,0.0,0,0.0,0,2,2,0
Dylan Horton,81335,ED,TCU,1,0,0,305,69.6,0,2,27,100.0,14.8,4,0,7.4,1,27,27,3,0,64.0,0,0,5,100.0,0.0,0,20.0,1,5,5,1
Ovie Oghoufo,81347,ED,TEXAS,1,0,0,311,58.6,1,0,13,92.9,7.7,1,0,3.8,0,14,13,1,0,55.5,0,0,4,100.0,0.0,0,0.0,0,4,4,0
Shayne Simon,81349,LB,PITTSBURGH,1,0,0,268,50.9,0,1,10,22.7,0.0,0,0,5.0,0,44,10,1,0,53.9,0,0,4,25.0,0.0,0,0.0,0,16,4,0
Bo Bauer,81350,LB,NOTRE DAME,1,0,0,258,59.7,0,0,1,25.0,0.0,0,0,0.0,0,4,1,0,0,,0,0,0,0.0,,0,,0,1,0,0
Dallas Gant,81352,LB,TOLEDO,1,0,0,316,67.3,0,1,4,8.5,25.0,1,0,12.5,0,47,4,1,0,69.4,0,1,2,11.1,50.0,1,25.0,0,18,2,1
John McCartan,81357,ED,OREGON ST,1,0,0,265,53.7,0,0,13,68.2,0.0,0,0,0.0,0,22,15,0,0,55.5,0,0,6,77.8,0.0,0,0.0,0,9,7,0
Isaiah Tufaga,81358,LB,HAWAII,1,0,0,180,53.7,0,0,5,14.7,0.0,0,0,0.0,0,34,5,0,0,55.2,0,0,3,21.4,0.0,0,0.0,0,14,3,0
Deion Jennings,81371,LB,RUTGERS,1,0,0,278,51.1,0,0,5,14.3,0.0,0,0,0.0,0,42,6,0,0,54.4,0,0,3,11.5,0.0,0,0.0,0,26,3,0
Viliami Fehoko Jr.,81376,ED,S JOSE ST,1,0,0,285,64.6,0,2,20,100.0,15.0,3,0,10.0,1,20,20,3,0,64.9,0,1,10,100.0,20.0,2,15.0,1,10,10,2
Kyle Harmon,81377,LB,S JOSE ST,1,0,0,285,45.7,1,1,2,8.0,0.0,0,0,50.0,0,25,2,2,0,46.5,1,1,1,10.0,0.0,0,100.0,0,10,1,2
Walter Yates III,81383,LB,UCF,1,0,0,323,67.4,0,2,1,9.5,100.0,1,0,100.0,0,21,2,2,0,67.4,0,2,1,16.7,100.0,1,100.0,0,12,2,2
KJ Robertson,81421,LB,TROY,1,0,0,318,56.6,0,0,4,10.8,0.0,0,0,0.0,0,37,4,0,0,59.7,0,0,1,9.1,0.0,0,0.0,0,11,1,0
Antonio Showers,81422,ED,TROY,1,0,0,318,69.2,1,1,22,100.0,18.2,4,0,4.5,0,22,22,2,0,69.5,1,0,7,100.0,28.6,2,7.1,0,7,7,1
Nikia Eason Jr.,81426,ED,UAB,1,0,0,321,87.5,0,1,11,100.0,18.2,2,0,13.6,1,11,11,2,0,58.0,0,0,2,100.0,0.0,0,0.0,0,2,2,0
Bo Calvert,81431,ED,UCLA,1,0,0,324,53.6,0,0,12,100.0,0.0,0,0,0.0,0,13,13,0,0,54.4,0,0,7,100.0,0.0,0,0.0,0,7,7,0
Elijah Shelton,81442,ED,UNLV,1,0,0,325,52.0,0,1,26,73.7,3.8,1,0,5.8,1,38,28,2,0,59.1,0,0,13,100.0,7.7,1,7.7,1,13,13,1
Cal Wallerstedt,81450,LB,UTEP,1,0,0,330,54.1,0,1,7,31.8,0.0,0,0,7.1,0,22,7,1,0,55.7,0,1,3,50.0,0.0,0,16.7,0,6,3,1
Trumane Bell II,81452,DI,UTSA,1,0,0,331,62.5,0,3,26,100.0,11.5,3,0,5.8,0,26,26,3,0,65.6,0,2,8,100.0,25.0,2,12.5,0,8,8,2
Elijah McAllister,81455,ED,VANDERBILT,1,0,0,333,56.1,0,0,11,100.0,0.0,0,0,0.0,0,11,11,0,0,,0,0,0,,,0,,0,0,0,0
MJ Tafisi Jr.,81460,LB,UTAH ST,1,0,0,329,60.0,0,0,1,6.3,0.0,0,0,0.0,0,16,1,0,0,,0,0,0,0.0,,0,,0,5,0,0
Zion Tupuola-Fetui,81461,ED,WASHINGTON,1,0,0,340,54.8,0,1,6,50.0,0.0,0,1,8.3,0,12,6,1,0,55.4,0,0,3,75.0,0.0,0,0.0,0,4,3,0
DJ Schramm,81524,LB,BOISE ST,1,0,0,120,64.2,0,1,2,9.1,100.0,2,0,25.0,0,22,2,1,0,63.3,0,0,1,20.0,100.0,1,0.0,0,5,1,0
Akeem Smith,81529,DI,GA STATE,1,0,0,175,61.4,0,0,18,100.0,5.6,1,0,0.0,0,21,21,0,0,58.9,0,0,1,100.0,0.0,0,0.0,0,2,2,0
Henry Chibueze,81697,DI,MARYLAND,1,0,0,215,60.3,0,0,14,100.0,7.1,1,0,0.0,0,15,15,0,0,56.9,0,0,4,100.0,0.0,0,0.0,0,4,4,0
Christopher Love,81755,DI,NEVADA,1,0,0,239,59.0,0,0,2,100.0,0.0,0,0,0.0,0,3,3,0,0,60.0,0,0,0,100.0,,0,,0,1,1,0
JH Tevis,81953,DI,INDIANA,1,0,0,190,55.7,0,0,14,100.0,0.0,0,0,0.0,0,14,14,0,0,55.8,0,0,7,100.0,0.0,0,0.0,0,7,7,0
Brenton Cox Jr.,81957,ED,FLORIDA,1,0,0,163,66.9,1,1,26,100.0,11.5,3,0,7.7,1,26,26,3,0,65.7,0,0,10,100.0,20.0,2,10.0,1,10,10,1
Jontrey Hunter,81961,LB,GA STATE,1,0,0,175,70.0,1,0,5,9.4,20.0,1,0,10.0,0,53,5,1,0,,0,0,0,0.0,,0,,0,8,0,0
Caleb Tannor,81970,ED,NEBRASKA,1,0,0,238,57.8,0,0,12,70.0,8.3,1,0,0.0,0,20,14,0,0,53.5,0,0,9,84.6,0.0,0,0.0,0,13,11,0
Eli'jah Winston,81983,ED,NEVADA,1,0,0,239,55.8,0,1,15,72.7,13.3,2,0,3.3,0,22,16,1,0,57.1,0,1,8,90.0,25.0,2,6.3,0,10,9,1
Ron Stone Jr.,81989,ED,WASH STATE,1,0,0,341,54.3,1,2,28,93.9,0.0,0,0,5.4,0,33,31,3,0,57.0,0,0,8,84.6,0.0,0,0.0,0,13,11,0
Cody Anderson,82158,DI,OREGON ST,1,1,0,265,71.6,0,0,9,100.0,11.1,1,0,0.0,0,9,9,0,0,67.2,0,0,4,100.0,25.0,1,0.0,0,4,4,0
Andres Fox,82167,ED,FRESNO ST,1,0,0,169,59.5,1,0,2,100.0,0.0,0,0,25.0,0,2,2,1,0,,0,0,0,,,0,,0,0,0,0
Hale Motu'apuaka,82184,DI,UTAH ST,1,0,0,329,57.3,0,0,11,100.0,0.0,0,0,0.0,0,14,14,0,0,58.0,0,0,3,100.0,0.0,0,0.0,0,4,4,0
Praise Amaewhule,82185,ED,UTEP,1,0,0,330,65.9,0,1,12,100.0,16.7,2,0,4.2,0,13,13,1,0,58.5,0,0,2,100.0,0.0,0,0.0,0,2,2,0
Stephon Wynn Jr.,82200,DI,NEBRASKA,1,0,0,238,55.6,0,2,14,100.0,0.0,0,0,7.1,0,16,16,2,0,55.9,0,0,6,100.0,0.0,0,0.0,0,7,7,0
Hansky Paillant,82205,ED,APP STATE,1,0,0,108,56.5,0,1,21,100.0,4.8,1,1,2.4,0,24,24,1,0,60.4,0,1,6,100.0,16.7,1,8.3,0,8,8,1
Jordon Earle,82210,DI,APP STATE,1,0,0,108,54.6,0,0,30,100.0,0.0,0,1,0.0,0,35,35,0,0,55.5,0,0,7,100.0,0.0,0,0.0,0,10,10,0
Dorian Gerald,82216,ED,ARKANSAS,1,0,0,111,60.7,0,1,9,100.0,11.1,1,0,5.6,0,10,10,1,0,63.7,0,1,1,100.0,100.0,1,50.0,0,1,1,1
Isaiah Nichols,82218,DI,ARKANSAS,1,1,0,111,62.3,0,0,15,100.0,0.0,0,1,0.0,0,17,17,0,0,59.1,0,0,1,100.0,0.0,0,0.0,0,2,2,0
Terry Hampton,82220,DI,ARKANSAS,1,0,0,111,55.8,0,0,16,100.0,0.0,0,1,0.0,0,19,19,0,0,,0,0,0,,,0,,0,0,0,0
Kwabena Bonsu,82237,DI,ARMY,1,0,0,114,67.2,0,2,12,100.0,8.3,1,1,8.3,0,12,12,2,0,65.3,0,1,3,100.0,33.3,1,16.7,0,3,3,1
Malik Langham,82257,DI,VANDERBILT,1,0,0,333,59.7,0,0,22,100.0,4.5,1,0,0.0,0,22,22,0,0,56.5,0,0,5,100.0,0.0,0,0.0,0,5,5,0
Davon Strickland,82259,DI,FIU,1,0,0,166,64.0,0,0,14,100.0,7.1,1,0,0.0,0,16,16,0,0,62.1,0,0,6,100.0,0.0,0,0.0,0,6,6,0
Isaiah Johnson,82263,ED,FRESNO ST,1,0,0,169,56.9,0,0,5,100.0,0.0,0,0,0.0,0,5,5,0,0,59.2,0,0,1,100.0,0.0,0,0.0,0,1,1,0
Leonard Payne Jr.,82265,DI,FRESNO ST,1,0,0,169,60.0,0,0,1,100.0,0.0,0,0,0.0,0,1,1,0,0,,0,0,0,,,0,,0,0,0,0
Matt Lawson,82266,DI,FRESNO ST,1,0,0,169,59.9,0,0,2,100.0,0.0,0,0,0.0,0,2,2,0,0,,0,0,0,,,0,,0,0,0,0
Calvin Avery,82283,DI,ILLINOIS,1,0,0,187,69.1,0,2,23,100.0,13.0,3,0,4.3,0,23,23,2,0,78.2,0,2,7,100.0,42.9,3,14.3,0,7,7,2
James Head Jr.,82285,ED,INDIANA,1,0,0,190,59.3,1,0,30,100.0,3.3,1,0,1.7,0,30,30,1,0,53.1,0,0,14,100.0,0.0,0,0.0,0,14,14,0
John Waggoner,82292,ED,IOWA,1,0,0,192,55.9,0,0,12,92.3,0.0,0,0,0.0,0,13,12,0,0,57.6,0,0,2,66.7,0.0,0,0.0,0,3,2,0
Noah Shannon,82293,DI,IOWA,1,0,0,192,63.5,0,0,28,100.0,7.1,2,0,0.0,0,29,29,0,0,63.7,0,0,6,100.0,16.7,1,0.0,0,7,7,0
Tyler Baylor,82322,ED,MARYLAND,1,0,0,215,55.8,0,0,6,66.7,0.0,0,0,0.0,0,12,8,0,0,57.7,0,0,2,100.0,0.0,0,0.0,0,2,2,0
Austin Fontaine,82325,ED,MARYLAND,1,0,0,215,59.5,0,4,26,100.0,7.7,2,0,7.7,0,28,28,4,0,68.5,0,1,6,100.0,16.7,1,8.3,0,6,6,1
Taylor Upshaw,82327,ED,MICHIGAN,1,0,0,222,72.5,1,2,7,90.0,28.6,2,0,21.4,0,10,9,3,0,75.6,1,1,5,100.0,40.0,2,20.0,0,6,6,2
Mayan Ahanotu,82335,DI,RUTGERS,1,0,0,278,58.0,1,0,17,100.0,0.0,0,0,2.9,0,19,19,1,0,59.6,1,0,12,100.0,0.0,0,4.2,0,13,13,1
Abi Nwabuoku-Okonji,82336,ED,JAMES MAD,1,0,0,197,61.5,0,0,16,94.1,12.5,2,0,0.0,0,17,16,0,0,64.8,0,0,9,100.0,22.2,2,0.0,0,9,9,0
KD Hill,82339,DI,OLE MISS,1,0,0,226,56.4,0,0,17,100.0,0.0,0,0,0.0,0,18,18,0,0,58.8,0,0,2,100.0,0.0,0,0.0,0,2,2,0
Trajan Jeffcoat,82341,ED,MISSOURI,1,0,0,229,65.4,0,0,11,100.0,18.2,2,1,0.0,0,11,11,0,0,57.5,0,0,2,100.0,0.0,0,0.0,0,2,2,0
Jatorian Hansford,82342,DI,USF,1,0,0,327,59.5,0,0,19,100.0,0.0,0,0,5.3,1,21,21,1,0,55.6,0,0,9,100.0,0.0,0,0.0,0,10,10,0
Colton Feist,82346,DI,NEBRASKA,1,0,0,238,58.6,1,2,18,100.0,5.6,1,0,13.9,1,19,19,4,0,54.6,0,1,8,100.0,0.0,0,18.8,1,9,9,2
Casey Rogers,82347,DI,OREGON,1,0,0,264,58.0,0,0,17,100.0,5.9,1,0,0.0,0,19,19,0,0,54.8,0,0,10,100.0,0.0,0,0.0,0,10,10,0
Devin O'Rourke,82362,DI,NWESTERN,1,0,0,256,59.4,0,2,19,100.0,5.3,1,0,5.3,0,19,19,2,0,64.9,0,0,5,100.0,20.0,1,0.0,0,5,5,0
Justin Ademilola,82364,ED,NOTRE DAME,1,0,0,258,55.3,0,0,7,87.5,0.0,0,0,0.0,0,8,7,0,0,57.7,0,0,2,100.0,0.0,0,0.0,0,2,2,0
Jayson Ademilola,82365,DI,NOTRE DAME,1,0,0,258,68.8,0,3,17,100.0,17.6,3,0,8.8,0,17,17,3,0,62.2,0,1,8,100.0,12.5,1,6.3,0,8,8,1
Ja'Mion Franklin,82366,DI,DUKE,1,0,0,154,58.5,0,0,26,100.0,3.8,1,0,0.0,0,27,27,0,0,61.2,0,0,8,100.0,12.5,1,0.0,0,9,9,0
Branson Deen,82372,DI,PURDUE,1,0,0,273,63.8,0,2,31,100.0,12.9,4,0,3.2,0,34,34,2,0,70.8,0,2,13,100.0,30.8,4,7.7,0,15,15,2
Lawrence Johnson,82374,DI,PURDUE,1,0,0,273,55.8,0,0,17,100.0,0.0,0,0,0.0,0,19,19,0,0,56.5,0,0,5,100.0,0.0,0,0.0,0,6,6,0
Jack Sullivan,82375,ED,PURDUE,1,0,0,273,66.3,0,5,20,100.0,20.0,4,0,12.5,0,23,23,5,0,63.5,0,2,8,100.0,25.0,2,12.5,0,10,10,2
Keshawn Banks,82385,ED,S DIEGO ST,1,0,0,284,51.8,0,2,27,96.4,0.0,0,0,3.7,0,28,27,2,0,53.1,0,1,11,91.7,0.0,0,4.5,0,12,11,1
Cade Hall,82391,ED,S JOSE ST,1,0,0,285,61.8,0,1,21,100.0,9.5,2,0,7.1,1,21,21,2,0,57.8,0,0,10,100.0,10.0,1,0.0,0,10,10,0
John Mincey,82424,DI,ARK STATE,1,0,0,113,72.3,0,1,21,100.0,14.3,3,0,2.4,0,22,22,1,0,64.1,0,0,5,100.0,20.0,1,0.0,0,5,5,0
Kurott Garland,82425,DI,TENNESSEE,1,0,0,307,57.8,0,0,8,100.0,0.0,0,0,0.0,0,9,9,0,0,58.8,0,0,2,100.0,0.0,0,0.0,0,2,2,0
Jeremiah Martin,82431,ED,WASHINGTON,1,0,0,340,56.3,0,1,23,88.9,4.3,1,0,2.2,0,27,24,1,0,59.8,0,1,8,100.0,12.5,1,6.3,0,8,8,1
Tyree Wilson,82432,ED,TEXAS TECH,1,0,0,315,60.5,1,2,35,90.5,5.7,2,0,7.1,1,42,38,4,0,69.2,0,1,7,81.8,14.3,1,21.4,1,11,9,2
Nico Ezidore,82439,DI,TEXAS ST,1,0,0,314,55.9,0,0,53,100.0,1.9,1,0,0.0,0,54,54,0,0,55.4,0,0,13,100.0,0.0,0,0.0,0,13,13,0
Fish McWilliams,82441,DI,UAB,1,0,0,321,71.4,0,0,15,100.0,20.0,3,0,6.7,1,19,19,1,0,77.2,0,0,3,100.0,66.7,2,33.3,1,4,4,1
Antonio Moultrie,82442,DI,MIAMI FL,1,0,0,220,78.5,0,0,6,100.0,16.7,1,0,0.0,0,6,6,0,0,82.1,0,0,2,100.0,50.0,1,0.0,0,2,2,0
Michael Fairbanks II,82443,ED,UAB,1,0,0,321,56.8,0,1,19,100.0,5.3,1,0,2.6,0,21,21,1,0,55.6,0,1,4,100.0,0.0,0,12.5,0,4,4,1
Tavis Malakius,82453,DI,UNLV,1,0,0,325,53.0,0,1,18,100.0,5.6,1,0,2.8,0,20,20,1,0,53.2,0,1,6,100.0,16.7,1,8.3,0,6,6,1
Blake Thompson,82460,DI,UTEP,1,0,0,330,59.7,0,0,2,100.0,0.0,0,0,0.0,0,2,2,0,0,60.0,0,0,1,100.0,0.0,0,0.0,0,1,1,0
Tuli Letuligasenoa,82467,DI,WASHINGTON,1,0,0,340,57.4,0,0,6,100.0,0.0,0,0,0.0,0,6,6,0,0,59.9,0,0,1,100.0,0.0,0,0.0,0,1,1,0
Taki Taimani,82468,DI,OREGON,1,0,0,264,60.1,0,1,15,100.0,6.7,1,0,3.3,0,19,19,1,0,57.0,0,0,5,100.0,0.0,0,0.0,0,5,5,0
Brennan Jackson,82474,ED,WASH STATE,1,0,0,341,65.7,0,4,28,93.9,17.9,5,0,7.1,0,33,31,4,0,66.8,0,3,9,85.7,33.3,3,16.7,0,14,12,3
Scott Matlock,82482,DI,BOISE ST,1,0,0,120,56.7,0,0,24,100.0,4.2,1,0,0.0,0,24,24,0,0,56.0,0,0,5,100.0,0.0,0,0.0,0,5,5,0
Dashaun Mallory,82495,ED,MICH STATE,1,0,0,223,56.4,0,0,5,100.0,0.0,0,0,0.0,0,5,5,0,0,57.5,0,0,3,100.0,0.0,0,0.0,0,3,3,0
Quentin Bivens,82497,DI,SO MISS,1,0,0,296,60.7,1,1,18,100.0,11.1,2,0,5.6,0,22,22,2,0,65.3,1,1,8,100.0,25.0,2,12.5,0,9,9,2
Cameron Young,82499,DI,MISS STATE,1,0,0,227,63.9,0,2,26,100.0,7.7,2,0,3.8,0,26,26,2,0,55.8,0,1,7,100.0,0.0,0,7.1,0,7,7,1
Taron Vincent,82500,DI,OHIO STATE,1,0,0,260,58.6,0,0,20,100.0,0.0,0,0,5.0,1,22,22,1,0,61.1,0,0,8,100.0,0.0,0,12.5,1,9,9,1
Sokoya McDuffie,82502,DI,UCONN,1,0,0,146,64.2,0,0,11,100.0,9.1,1,0,0.0,0,11,11,0,0,59.1,0,0,2,100.0,0.0,0,0.0,0,2,2,0
Isaac Hodgins,82503,DI,OREGON ST,1,0,0,265,68.5,1,1,16,100.0,18.8,3,0,6.3,0,18,18,2,0,69.4,0,1,7,100.0,28.6,2,7.1,0,7,7,1
Judge Culpepper,82504,DI,TOLEDO,1,0,0,316,57.9,0,0,24,100.0,4.2,1,0,0.0,0,26,26,0,0,55.8,0,0,7,100.0,0.0,0,0.0,0,7,7,0
Will Choloh,82509,DI,TROY,1,0,0,318,56.8,0,2,23,100.0,4.3,1,0,4.3,0,23,23,2,0,55.3,0,1,6,100.0,0.0,0,8.3,0,6,6,1
AJ Pierce,82510,DI,TROY,1,0,0,318,64.7,1,0,22,100.0,4.5,1,0,6.8,1,22,22,2,0,56.9,0,0,7,100.0,0.0,0,0.0,0,7,7,0
Jackson Cravens,82511,DI,BOISE ST,1,0,0,120,66.3,0,1,14,100.0,14.3,2,0,3.6,0,14,14,1,0,58.3,0,0,3,100.0,0.0,0,0.0,0,3,3,0
Ben VanSumeren,82523,LB,MICH STATE,1,0,0,223,57.6,0,0,3,10.0,0.0,0,0,0.0,0,30,3,0,0,,0,0,0,0.0,,0,,0,10,0,0
Jacob Mangum-Farrar,82557,LB,STANFORD,1,0,0,300,60.0,0,0,1,5.6,0.0,0,0,0.0,0,18,1,0,0,,0,0,0,0.0,,0,,0,7,0,0
Ricky Miezan,82558,LB,STANFORD,1,0,0,300,65.7,0,1,5,46.7,0.0,0,0,30.0,1,15,7,2,0,69.8,0,0,2,33.3,0.0,0,50.0,1,6,2,1
Solomon Tuliaupupu,82562,ED,USC,1,0,0,326,60.0,0,0,8,100.0,12.5,1,0,0.0,0,9,9,0,0,63.6,0,0,3,100.0,33.3,1,0.0,0,4,4,0
C.J. Goetz,82565,ED,WISCONSIN,1,0,0,349,54.2,0,1,14,41.2,0.0,0,0,3.6,0,34,14,1,0,54.6,0,0,6,50.0,0.0,0,0.0,0,12,6,0
Eyabi Okie-Anoma,82645,ED,MICHIGAN,1,1,0,222,68.9,1,1,22,92.3,9.1,2,0,9.1,1,26,24,3,1,67.6,0,0,8,100.0,12.5,1,12.5,1,9,9,1
Richard Jibunor,83016,ED,TROY,1,0,0,318,93.2,0,2,8,57.1,37.5,3,0,25.0,1,14,8,3,0,66.1,0,1,2,50.0,50.0,1,25.0,0,4,2,1
Chigozie Anusiem,83031,CB,COLO STATE,1,0,0,144,59.2,0,1,3,7.0,0.0,0,1,16.7,0,43,3,1,0,,0,0,0,0.0,,0,,0,16,0,0
Mekhi Blackmon,83036,CB,USC,1,0,0,326,60.0,0,1,1,2.2,0.0,0,0,50.0,0,46,1,1,0,60.0,0,1,1,5.3,0.0,0,50.0,0,19,1,1
Quavian White,83041,CB,GA STATE,1,0,0,175,60.0,0,0,1,2.0,0.0,0,0,0.0,0,49,1,0,0,,0,0,0,0.0,,0,,0,8,0,0
Kahlef Hailassie,83072,CB,W KENTUCKY,1,0,0,346,59.8,0,0,1,2.6,0.0,0,0,0.0,0,38,1,0,0,,0,0,0,0.0,,0,,0,3,0,0
Trent Gordon,83076,CB,ARKANSAS,1,0,0,111,59.9,0,0,0,3.6,,0,0,,0,28,1,0,0,59.9,0,0,0,50.0,,0,,0,2,1,0
Cedarious Barfield,83078,S,S DIEGO ST,1,0,0,284,57.8,0,1,1,5.6,0.0,0,0,50.0,0,18,1,1,0,57.8,0,1,1,11.1,0.0,0,50.0,0,9,1,1
Kaleb Dawson,83131,S,APP STATE,1,0,0,108,59.6,0,0,1,14.3,0.0,0,0,0.0,0,7,1,0,0,,0,0,0,,,0,,0,0,0,0
Jaden Harris,83151,LB,ARK STATE,1,0,0,113,72.8,0,1,5,15.2,40.0,2,0,10.0,0,33,5,1,0,,0,0,0,0.0,,0,,0,11,0,0
Luke Cameron,83172,LB,E MICHIGAN,1,0,0,160,67.5,0,0,3,17.6,33.3,1,0,33.3,1,17,3,1,0,67.5,0,0,3,30.0,33.3,1,33.3,1,10,3,1
Trey Dean III,83208,S,FLORIDA,1,0,0,163,59.6,0,0,1,2.9,0.0,0,0,0.0,0,35,1,0,0,59.6,0,0,1,6.3,0.0,0,0.0,0,16,1,0
Shawn Dourseau,83216,S,E CAROLINA,1,0,0,156,60.0,0,0,1,4.0,0.0,0,0,0.0,0,25,1,0,0,,0,0,0,0.0,,0,,0,6,0,0
Divaad Wilson,83218,S,UCF,1,0,0,323,65.6,1,0,1,7.0,0.0,0,1,50.0,0,43,3,1,0,59.4,0,0,0,6.3,,0,,0,16,1,0
Otis Reese IV,83219,S,OLE MISS,1,0,0,226,59.7,0,0,2,13.3,0.0,0,0,0.0,0,15,2,0,0,,0,0,0,0.0,,0,,0,4,0,0
Delano Ware,83234,S,W MICHIGAN,1,0,0,347,57.6,0,1,3,8.1,0.0,0,1,16.7,0,37,3,1,0,57.9,0,0,2,12.5,0.0,0,0.0,0,16,2,0
Noah Pierre,83244,CB,INDIANA,1,0,0,190,68.2,0,0,5,27.8,20.0,1,0,0.0,0,18,5,0,0,59.5,0,0,1,14.3,0.0,0,0.0,0,7,1,0
Terry Roberts,83255,CB,IOWA,1,0,0,192,59.9,0,1,1,3.8,0.0,0,0,50.0,0,26,1,1,0,59.9,0,1,1,14.3,0.0,0,50.0,0,7,1,1
JuJu Brents,83256,CB,KANSAS ST,1,0,0,199,60.0,0,0,1,2.4,0.0,0,0,0.0,0,41,1,0,0,,0,0,0,0.0,,0,,0,7,0,0
Keidron Smith,83310,CB,KENTUCKY,1,0,0,202,58.3,0,0,1,3.8,0.0,0,0,0.0,0,26,1,0,0,,0,0,0,0.0,,0,,0,8,0,0
DJ Brown,83345,S,NOTRE DAME,1,0,0,258,60.0,0,0,1,7.7,0.0,0,0,0.0,0,13,1,0,0,,0,0,0,0.0,,0,,0,6,0,0
Kessawn Abraham,83359,CB,RUTGERS,1,0,0,278,58.3,0,0,1,5.6,0.0,0,1,0.0,0,18,1,0,0,,0,0,0,0.0,,0,,0,11,0,0
Christian Izien,83360,S,RUTGERS,1,0,0,278,55.8,0,0,2,7.5,0.0,0,0,0.0,0,40,3,0,0,56.6,0,0,2,8.0,0.0,0,0.0,0,25,2,0
Avery Young,83364,S,RUTGERS,1,0,0,278,60.0,0,0,1,2.3,0.0,0,1,0.0,0,43,1,0,0,60.0,0,0,1,3.7,0.0,0,0.0,0,27,1,0
Malik Shorts,83383,S,SO MISS,1,0,0,296,71.9,1,0,2,7.1,0.0,0,0,25.0,0,28,2,1,0,58.9,0,0,1,8.3,0.0,0,0.0,0,12,1,0
Trevon Flowers,83393,S,TENNESSEE,1,0,0,307,58.7,0,0,3,5.5,0.0,0,0,0.0,0,55,3,0,0,59.7,0,0,1,5.3,0.0,0,0.0,0,19,1,0
Elisha Guidry,83421,CB,S JOSE ST,1,0,0,285,55.4,0,0,1,9.1,0.0,0,0,0.0,0,11,1,0,0,,0,0,0,0.0,,0,,0,4,0,0
R.J. Hubert,83431,S,UTAH,1,0,0,328,59.5,0,0,1,3.8,0.0,0,0,0.0,0,26,1,0,0,,0,0,0,0.0,,0,,0,2,0,0
BJ Anderson,83448,CB,VANDERBILT,1,0,0,333,55.8,0,0,1,4.0,0.0,0,0,0.0,0,25,1,0,0,55.8,0,0,1,25.0,0.0,0,0.0,0,4,1,0
Dominique Hampton,83452,CB,WASHINGTON,1,0,0,340,68.7,1,0,4,15.4,0.0,0,0,12.5,0,26,4,1,0,,0,0,0,0.0,,0,,0,8,0,0
Demitri Washington,83476,ED,BOISE ST,1,0,0,120,58.5,0,0,17,81.0,0.0,0,0,5.9,1,21,17,1,0,55.3,0,0,6,85.7,0.0,0,0.0,0,7,6,0
Rolan Wooden II,83484,DI,COAST CAR,1,0,0,141,58.2,0,0,5,100.0,0.0,0,0,0.0,0,5,5,0,0,,0,0,0,,,0,,0,0,0,0
Tre Moore,83492,ED,GA STATE,1,0,0,175,64.9,1,0,21,100.0,9.5,2,0,2.4,0,23,23,1,0,56.6,0,0,2,100.0,0.0,0,0.0,0,3,3,0
Myles Cole,83500,DI,TEXAS TECH,1,0,0,315,56.7,0,0,4,100.0,0.0,0,0,0.0,0,5,5,0,0,58.8,0,0,1,100.0,0.0,0,0.0,0,1,1,0
Travez Moore,83501,ED,ARIZONA ST,1,0,0,110,58.8,0,1,53,100.0,5.7,3,0,2.8,1,56,56,2,0,63.9,0,1,26,100.0,11.5,3,5.8,1,28,28,2
Javontae Jean-Baptiste,83514,ED,OHIO STATE,1,0,0,260,72.4,0,1,12,92.3,25.0,3,0,4.2,0,13,12,1,0,73.8,0,1,3,75.0,66.7,2,16.7,0,4,3,1
Shaun Peterson Jr.,83662,ED,FIU,1,0,0,166,76.6,0,1,13,60.9,23.1,3,0,11.5,1,23,14,2,0,85.8,0,1,5,62.5,60.0,3,30.0,1,8,5,2
Tylan Knight,83710,CB,SO MISS,1,0,0,296,76.7,0,0,2,15.8,50.0,1,0,0.0,0,19,3,0,0,65.2,0,0,1,10.0,100.0,1,0.0,0,10,1,0
Daniel Grzesiak,83724,ED,UTAH ST,1,0,0,329,73.9,0,0,3,26.7,66.7,2,1,0.0,0,15,4,0,0,59.7,0,0,1,20.0,0.0,0,0.0,0,5,1,0
Jeremy Banks,83769,LB,TENNESSEE,1,0,0,307,65.1,0,1,10,29.4,20.0,2,2,5.0,0,34,10,1,0,62.1,0,1,6,37.5,16.7,1,8.3,0,16,6,1
Amari Burney,83811,LB,FLORIDA,1,0,0,163,57.2,0,0,4,14.8,0.0,0,0,0.0,0,27,4,0,0,57.4,0,0,3,21.4,0.0,0,0.0,0,14,3,0
Fa'Najae Gotay,83821,LB,MARYLAND,1,0,0,215,70.7,0,0,5,17.2,20.0,1,0,20.0,1,29,5,1,0,59.3,0,0,1,20.0,0.0,0,0.0,0,5,1,0
Michael Barrett,83822,LB,MICHIGAN,1,0,0,222,67.2,0,0,4,10.0,0.0,0,0,25.0,1,40,4,1,0,72.3,0,0,1,7.1,0.0,0,100.0,1,14,1,1
Austin Ajiake,83826,LB,UNLV,1,0,0,325,74.7,0,0,1,5.3,0.0,0,0,200.0,2,38,2,2,0,72.0,0,0,0,0.0,,0,,1,13,0,1
Christian Young,83827,S,ARIZONA,1,0,0,109,59.1,0,0,1,6.1,0.0,0,0,0.0,0,33,2,0,0,,0,0,0,0.0,,0,,0,5,0,0
Michael Dowell,83855,S,MIAMI OH,1,0,0,221,58.7,0,0,2,3.9,0.0,0,0,0.0,0,51,2,0,0,,0,0,0,0.0,,0,,0,13,0,0
Josh Proctor,83864,S,OHIO STATE,1,0,0,260,64.5,0,1,1,10.0,0.0,0,0,50.0,0,10,1,1,0,64.5,0,1,1,33.3,0.0,0,50.0,0,3,1,1
Tre Jenkins,83886,S,S JOSE ST,1,0,0,285,71.2,0,0,1,3.6,0.0,0,0,100.0,1,28,1,1,0,,0,0,0,0.0,,0,,0,11,0,0
TJ Harris,83901,S,TROY,1,0,0,318,69.1,0,1,4,10.8,0.0,0,0,37.5,1,37,4,2,0,55.2,0,1,2,22.2,0.0,0,25.0,0,9,2,1
Reggie Pearson Jr.,83915,S,TEXAS TECH,1,0,0,315,60.0,0,0,0,5.0,,0,0,,0,20,1,0,0,,0,0,0,0.0,,0,,0,5,0,0
John Torchio,83916,S,WISCONSIN,1,0,0,349,60.5,0,2,3,9.1,33.3,1,0,33.3,0,33,3,2,0,,0,0,0,0.0,,0,,0,15,0,0
Jerrod Clark,83954,DI,COAST CAR,1,0,0,141,81.3,0,2,15,100.0,26.7,4,0,6.7,0,16,16,2,0,67.0,0,1,2,100.0,50.0,1,25.0,0,2,2,1
Sam Lockett III,84482,S,WASH STATE,1,0,0,341,59.2,0,0,1,2.6,0.0,0,0,0.0,0,39,1,0,0,59.2,0,0,1,6.7,0.0,0,0.0,0,15,1,0
Darius Muasau,86008,LB,UCLA,1,0,0,324,52.1,0,1,4,8.9,0.0,0,0,12.5,0,45,4,1,0,52.9,0,1,2,9.5,0.0,0,25.0,0,21,2,1
Kitione Tau,86077,DI,BOWL GREEN,1,0,0,122,64.5,0,1,5,100.0,20.0,1,0,10.0,0,6,6,1,0,66.4,0,1,2,100.0,50.0,1,25.0,0,3,3,1
Jacob Bandes,86082,DI,WASHINGTON,1,0,0,340,57.4,0,0,10,100.0,0.0,0,0,0.0,0,11,11,0,0,58.9,0,0,2,100.0,0.0,0,0.0,0,2,2,0
Jairus Satele,86168,DI,S JOSE ST,1,0,0,285,57.3,0,0,4,100.0,0.0,0,0,0.0,0,5,5,0,0,59.6,0,0,1,100.0,0.0,0,0.0,0,1,1,0
TW Ayers,86860,DI,ARK STATE,1,0,0,113,68.7,1,2,29,100.0,10.3,3,0,5.2,0,30,30,3,0,67.2,0,2,9,100.0,22.2,2,11.1,0,9,9,2
David Perales,87160,ED,FRESNO ST,1,0,0,169,65.2,0,1,17,90.0,5.9,1,0,8.8,1,20,18,2,0,62.3,0,1,6,100.0,0.0,0,25.0,1,6,6,2
Scotty Humpich,88437,ED,PURDUE,1,0,0,273,67.2,1,1,6,100.0,33.3,2,0,16.7,0,7,7,2,0,70.0,1,1,4,100.0,50.0,2,25.0,0,5,5,2
Gabriel Murphy,89099,ED,UCLA,1,1,0,324,76.9,0,4,22,100.0,18.2,4,1,9.1,0,23,23,4,0,70.7,0,2,11,100.0,27.3,3,9.1,0,11,11,2
Ronald Kent Jr.,89178,CB,C MICHIGAN,1,0,0,134,60.0,0,0,1,3.2,0.0,0,0,0.0,0,31,1,0,0,,0,0,0,0.0,,0,,0,17,0,0
David Reese,90079,ED,FLORIDA,1,0,0,163,60.0,0,0,1,100.0,0.0,0,0,0.0,0,1,1,0,0,,0,0,0,,,0,,0,0,0,0
Riley Sharp,90868,ED,OREGON ST,1,0,0,265,57.6,0,0,3,50.0,0.0,0,0,0.0,0,6,3,0,0,59.2,0,0,1,100.0,0.0,0,0.0,0,1,1,0
Andrew Choi,90947,ED,HAWAII,1,0,0,180,54.3,0,2,27,100.0,3.7,1,0,3.7,0,29,29,2,0,54.2,0,0,7,100.0,0.0,0,0.0,0,8,8,0
Vince Sanford,90952,ED,AIR FORCE,1,0,0,101,56.4,1,2,21,85.2,9.5,2,0,7.1,0,27,23,3,0,55.0,0,0,5,100.0,0.0,0,0.0,0,6,6,0
TD Blackmon,90953,LB,AIR FORCE,1,0,0,101,77.3,0,3,8,25.0,25.0,2,0,31.3,1,32,8,4,0,59.6,0,0,1,14.3,0.0,0,0.0,0,7,1,0
Brodric Martin,91288,DI,W KENTUCKY,1,1,0,346,64.8,0,1,20,90.9,5.0,1,1,2.5,0,22,20,1,0,,0,0,0,,,0,,0,0,0,0
Jojo Falo,91309,DI,HAWAII,1,0,0,180,59.7,0,0,1,100.0,0.0,0,0,0.0,0,1,1,0,0,,0,0,0,,,0,,0,0,0,0
Levi Bell,94929,DI,TEXAS ST,1,0,0,314,85.2,1,2,47,100.0,14.9,7,1,7.4,2,48,48,5,0,70.4,1,0,12,100.0,8.3,1,4.2,0,12,12,1
Mike Sainristil,97180,CB,MICHIGAN,1,0,0,222,53.4,0,1,3,5.0,0.0,0,0,16.7,0,60,3,1,0,,0,0,0,0.0,,0,,0,24,0,0
Anthony Wilson,97220,S,GA SOUTHRN,1,0,0,174,60.0,0,0,1,2.7,0.0,0,0,0.0,0,37,1,0,0,60.0,0,0,1,10.0,0.0,0,0.0,0,10,1,0
Keondre Swoopes,97241,CB,UAB,1,0,0,321,57.7,0,0,1,2.4,0.0,0,1,0.0,0,42,1,0,0,57.7,0,0,1,16.7,0.0,0,0.0,0,6,1,0
Rashad Wisdom,97249,S,UTSA,1,0,0,331,57.6,0,0,2,3.9,0.0,0,0,0.0,0,51,2,0,0,59.9,0,0,1,7.7,0.0,0,0.0,0,13,1,0
Reddy Steward,97289,CB,TROY,1,0,0,318,60.0,0,0,1,2.3,0.0,0,0,0.0,0,43,1,0,0,,0,0,0,0.0,,0,,0,12,0,0
Jordan Clark,97324,CB,ARIZONA ST,1,0,0,110,58.9,0,0,1,1.8,0.0,0,1,0.0,0,55,1,0,0,,0,0,0,0.0,,0,,0,28,0,0
Juan Powell,97330,CB,E CAROLINA,1,0,0,156,59.1,0,1,2,5.1,0.0,0,0,25.0,0,39,2,1,0,59.8,0,0,1,9.1,0.0,0,0.0,0,11,1,0
Jakeen Harris,97351,S,NC STATE,1,0,0,248,57.6,0,0,1,10.5,0.0,0,0,0.0,0,19,2,0,0,,0,0,0,0.0,,0,,0,3,0,0
Keontra Smith,97375,LB,MIAMI FL,1,0,0,220,69.4,0,0,1,5.3,0.0,0,0,100.0,1,19,1,1,0,69.4,0,0,1,14.3,0.0,0,100.0,1,7,1,1
Nicktroy Fortune,97469,CB,UTSA,1,0,0,331,66.9,1,0,1,2.1,0.0,0,0,50.0,0,47,1,1,0,66.9,1,0,1,7.1,0.0,0,50.0,0,14,1,1
Dane Motley,97497,LB,ARK STATE,1,0,0,113,54.2,0,0,5,50.0,0.0,0,0,0.0,0,10,5,0,0,56.3,0,0,2,50.0,0.0,0,0.0,0,4,2,0
Christian Williams,97498,CB,USF,1,0,0,327,56.8,0,0,3,10.7,0.0,0,1,0.0,0,28,3,0,0,59.7,0,0,1,8.3,0.0,0,0.0,0,12,1,0
Josh DeBerry,97508,CB,BOSTON COL,1,0,0,121,60.0,0,0,1,2.8,0.0,0,1,0.0,0,36,1,0,0,,0,0,0,0.0,,0,,0,5,0,0
Drake Thomas,97525,LB,NC STATE,1,1,0,248,72.3,1,0,6,16.2,0.0,0,0,8.3,0,37,6,1,0,59.1,0,0,1,25.0,0.0,0,0.0,0,4,1,0
Malachi Langley,97532,LB,FRESNO ST,1,0,0,169,57.7,0,0,2,9.1,0.0,0,0,0.0,0,22,2,0,0,,0,0,0,0.0,,0,,0,6,0,0
Khiry Morrison,97536,LB,LA TECH,1,0,0,208,60.1,0,0,8,20.5,12.5,1,0,0.0,0,44,9,0,0,60.3,0,0,7,28.6,14.3,1,0.0,0,28,8,0
Chad Stephens,97541,ED,E CAROLINA,1,0,0,156,58.5,2,0,32,100.0,3.1,1,0,3.1,0,32,32,2,0,58.9,1,0,10,100.0,10.0,1,5.0,0,10,10,1
Jordan Veneziale,97542,LB,GA STATE,1,0,0,175,66.2,0,1,2,3.8,50.0,1,0,25.0,0,52,2,1,0,59.7,0,0,1,12.5,0.0,0,0.0,0,8,1,0
Jayden Jernigan,97544,DI,MISSOURI,1,0,0,229,58.1,0,0,5,100.0,0.0,0,0,0.0,0,6,6,0,0,,0,0,0,,,0,,0,0,0,0
Jackson Barrow,97545,LB,TOLEDO,1,0,0,316,57.7,0,0,3,15.0,0.0,0,0,0.0,0,20,3,0,0,,0,0,0,0.0,,0,,0,4,0,0
Dorian Jones,97546,LB,LOUISVILLE,1,0,0,210,70.4,0,0,3,23.1,33.3,1,0,0.0,0,13,3,0,0,64.0,0,0,1,33.3,100.0,1,0.0,0,3,1,0
Thomas Gore,97560,DI,GA STATE,1,0,0,175,63.5,1,0,32,100.0,6.3,2,0,1.6,0,33,33,1,0,65.8,0,0,6,100.0,16.7,1,0.0,0,6,6,0
Marcus Fuqua,97563,S,BUFFALO,1,0,0,126,59.0,0,0,1,1.8,0.0,0,0,0.0,0,55,1,0,0,,0,0,0,0.0,,0,,0,23,0,0
Jeff Clark,97566,DI,GA STATE,1,0,0,175,58.6,1,0,16,100.0,0.0,0,1,3.1,0,17,17,1,0,56.9,0,0,3,100.0,0.0,0,0.0,0,3,3,0
Elijah Chatman,97568,DI,SMU,1,0,0,287,54.9,0,3,25,100.0,8.0,2,0,6.0,0,26,26,3,0,46.6,0,1,6,100.0,0.0,0,8.3,0,6,6,1
Javon Denis,97572,ED,GA STATE,1,0,0,175,62.9,0,1,39,100.0,7.7,3,1,1.3,0,41,41,1,0,60.9,0,0,7,100.0,14.3,1,0.0,0,7,7,0
Kierron Smith,97574,DI,GA SOUTHRN,1,0,0,174,69.9,0,0,1,100.0,0.0,0,0,100.0,1,1,1,1,0,,0,0,0,,,0,,0,0,0,0
Tyler Davis,97610,DI,CLEMSON,1,0,0,140,60.3,2,5,29,100.0,6.9,2,0,12.1,0,29,29,7,0,62.8,1,0,14,100.0,14.3,2,3.6,0,14,14,1
DeJordan Mask,97611,S,TEXAS ST,1,0,0,314,59.8,0,0,1,1.7,0.0,0,0,0.0,0,58,1,0,0,59.8,0,0,1,6.7,0.0,0,0.0,0,15,1,0
Jordan Revels,97672,ED,TEXAS ST,1,0,0,314,63.4,0,1,29,69.8,13.8,4,0,1.7,0,43,30,1,0,71.4,0,1,9,100.0,33.3,3,5.6,0,9,9,1
Josh Wallace,97676,CB,UMASS,1,0,1,216,60.0,0,0,1,2.9,0.0,0,1,0.0,0,34,1,0,0,,0,0,0,0.0,,0,,0,17,0,0
Brandon Joseph,97680,S,NOTRE DAME,1,0,0,258,60.0,0,0,1,5.9,0.0,0,0,0.0,0,17,1,0,0,,0,0,0,0.0,,0,,0,8,0,0
Dorian Williams,97694,LB,TULANE,1,1,0,319,61.2,0,1,18,34.0,5.6,1,0,2.8,0,53,18,1,1,59.0,0,0,12,60.0,0.0,0,0.0,0,20,12,0
Matt Salopek,97704,S,MIAMI OH,1,0,0,221,83.5,0,0,2,3.9,50.0,1,0,100.0,2,51,2,2,0,72.4,0,0,0,0.0,,0,,1,13,0,1
Storm Duck,97705,CB,N CAROLINA,1,0,0,245,60.0,0,0,1,1.6,0.0,0,0,0.0,0,63,1,0,0,,0,0,0,0.0,,0,,0,17,0,0
Rich Miller,97709,LB,KANSAS,1,0,0,198,59.5,0,0,1,3.7,0.0,0,0,0.0,0,27,1,0,0,59.5,0,0,1,11.1,0.0,0,0.0,0,9,1,0
Cannon Blauser,97718,LB,OHIO,1,0,0,259,60.0,0,0,1,100.0,0.0,0,0,0.0,0,1,1,0,0,,0,0,0,,,0,,0,0,0,0
Jalen Davis,97720,LB,MIDDLE TN,1,0,0,224,58.4,0,0,2,16.7,0.0,0,0,0.0,0,12,2,0,0,,0,0,0,0.0,,0,,0,4,0,0
Omar Speights,97723,LB,OREGON ST,1,0,0,265,71.7,0,1,9,25.6,22.2,2,0,5.6,0,39,10,1,0,55.2,0,0,3,23.1,0.0,0,0.0,0,13,3,0
Raquon Hartley,97728,LB,MIDDLE TN,1,0,0,224,58.9,0,0,2,25.0,0.0,0,0,0.0,0,8,2,0,0,59.7,0,0,1,100.0,0.0,0,0.0,0,1,1,0
Mohamed Kamara,97731,ED,COLO STATE,1,0,0,144,53.8,0,2,35,97.4,2.9,1,0,2.9,0,38,37,2,0,56.8,0,1,14,100.0,7.1,1,3.6,0,14,14,1
Maki Carabin,97733,LB,LA TECH,1,0,0,208,57.6,0,0,1,20.0,0.0,0,0,0.0,0,10,2,0,0,59.5,0,0,0,14.3,,0,,0,7,1,0
Tarique Barnes,97735,LB,ILLINOIS,1,0,0,187,68.6,0,0,7,20.6,14.3,1,0,14.3,1,34,7,1,0,63.7,0,0,3,15.8,33.3,1,0.0,0,19,3,0
Kyle Kelly,97740,LB,OHIO,1,0,0,259,70.4,0,0,1,10.0,0.0,0,0,100.0,1,10,1,1,0,70.4,0,0,1,10.0,0.0,0,100.0,1,10,1,1
Chase Jones,97741,LB,WAKE,1,0,0,339,70.2,0,0,3,20.0,33.3,1,0,33.3,1,15,3,1,0,,0,0,0,0.0,,0,,0,3,0,0
Marley Cook,97750,DI,MIDDLE TN,1,0,0,224,60.8,0,1,15,100.0,6.7,1,0,3.3,0,16,16,1,0,66.4,0,1,3,100.0,33.3,1,16.7,0,3,3,1
Nelson Paul,97757,ED,SMU,1,0,0,287,53.5,0,2,17,67.9,0.0,0,0,5.9,0,28,19,2,0,57.5,0,1,2,100.0,0.0,0,25.0,0,2,2,1
Zaylin Wood,97761,ED,MIDDLE TN,1,0,0,224,58.0,0,1,15,100.0,6.7,1,0,3.3,0,17,17,1,0,61.8,0,1,6,100.0,16.7,1,8.3,0,6,6,1
Darius Hodges,97765,ED,TULANE,1,0,0,319,80.7,0,2,12,60.0,33.3,4,0,8.3,0,20,12,2,0,70.4,0,1,6,100.0,33.3,2,8.3,0,6,6,1
Steele Chambers,97812,LB,OHIO STATE,1,0,0,260,55.5,0,0,4,13.3,0.0,0,0,0.0,0,30,4,0,0,59.2,0,0,1,9.1,0.0,0,0.0,0,11,1,0
Javon Solomon,97821,ED,TROY,1,0,0,318,74.9,1,2,22,71.0,27.3,6,0,6.8,0,31,22,3,0,70.6,1,1,8,88.9,37.5,3,12.5,0,9,8,2
Jamal Morris,97881,LB,HOUSTON,1,0,0,182,69.8,1,0,2,18.2,50.0,1,1,25.0,0,11,2,1,0,69.8,0,0,2,50.0,50.0,1,0.0,0,4,2,0
Jalen Jackson,97887,CB,MIDDLE TN,1,0,0,224,56.1,0,0,2,12.5,0.0,0,0,0.0,0,16,2,0,0,59.2,0,0,1,20.0,0.0,0,0.0,0,5,1,0
Jack Kiser,97889,LB,NOTRE DAME,1,0,0,258,95.6,0,0,2,18.2,50.0,1,0,50.0,1,11,2,1,0,,0,0,0,0.0,,0,,0,6,0,0
David Spaulding,97890,S,S CAROLINA,1,0,0,289,59.2,0,1,1,2.8,0.0,0,0,50.0,0,36,1,1,0,59.2,0,1,1,6.7,0.0,0,50.0,0,15,1,1
Easton Gibbs,97899,LB,WYOMING,1,0,0,351,39.7,0,2,4,9.8,0.0,0,0,25.0,0,41,4,2,0,46.6,0,1,2,9.5,0.0,0,25.0,0,21,2,1
Ben Johnson,97901,S,OHIO,1,0,0,259,55.2,0,0,5,100.0,0.0,0,0,0.0,0,5,5,0,0,55.2,0,0,5,100.0,0.0,0,0.0,0,5,5,0
Bryce Gallagher,97905,LB,NWESTERN,1,0,0,256,57.1,0,0,2,8.7,0.0,0,0,0.0,0,23,2,0,0,57.1,0,0,2,25.0,0.0,0,0.0,0,8,2,0
Zach Ranson,97911,LB,WAKE,1,0,0,339,59.5,0,0,1,11.1,0.0,0,0,0.0,0,9,1,0,0,,0,0,0,0.0,,0,,0,1,0,0
Nick Rattin,97916,LB,N ILLINOIS,1,0,0,254,55.6,0,0,3,21.4,0.0,0,0,0.0,0,14,3,0,0,59.5,0,0,1,50.0,0.0,0,0.0,0,2,1,0
Shammond Cooper,97918,ED,ILLINOIS,1,0,0,187,64.5,0,0,1,100.0,100.0,1,0,0.0,0,1,1,0,0,64.5,0,0,1,100.0,100.0,1,0.0,0,1,1,0
Billy Wooden,97923,DI,UMASS,1,0,0,216,66.2,1,1,16,100.0,12.5,2,0,6.3,0,16,16,2,0,57.0,0,0,6,100.0,0.0,0,0.0,0,6,6,0
Jackson Mitchell,97924,LB,UCONN,1,0,0,146,69.2,0,0,7,14.6,14.3,1,0,14.3,1,48,7,1,0,65.5,0,0,3,25.0,33.3,1,0.0,0,12,3,0
Jeremiah Burton,97928,ED,OHIO,1,0,0,259,57.5,0,0,3,100.0,0.0,0,0,0.0,0,3,3,0,0,57.5,0,0,3,100.0,0.0,0,0.0,0,3,3,0
Justin Cody,97930,DI,WAKE,1,0,0,339,57.9,0,0,4,100.0,0.0,0,0,0.0,0,4,4,0,0,,0,0,0,,,0,,0,0,0,0
Adetomiwa Adebawore,97934,ED,NWESTERN,1,0,0,256,53.7,0,0,19,100.0,0.0,0,0,0.0,0,19,19,0,0,54.7,0,0,8,100.0,0.0,0,0.0,0,8,8,0
Devo Bridges,97935,DI,FRESNO ST,1,0,0,169,57.7,0,0,16,100.0,6.3,1,0,0.0,0,17,17,0,0,55.5,0,0,5,100.0,0.0,0,0.0,0,5,5,0
Marcus Harris,97937,DI,AUBURN,1,0,0,115,54.6,0,1,20,100.0,0.0,0,0,2.5,0,22,22,1,0,54.6,0,1,10,100.0,0.0,0,5.0,0,11,11,1
Cletus Mathurin,97946,DI,UMASS,1,0,0,216,57.6,0,0,14,100.0,0.0,0,0,0.0,0,14,14,0,0,57.6,0,0,5,100.0,0.0,0,0.0,0,5,5,0
Levelle Bailey,97956,LB,FRESNO ST,1,0,0,169,58.1,0,0,2,13.6,0.0,0,0,0.0,0,22,3,0,0,,0,0,0,0.0,,0,,0,6,0,0
Christian Clayton,97959,DI,UTSA,1,0,0,331,56.0,0,0,15,100.0,0.0,0,0,0.0,0,16,16,0,0,57.7,0,0,2,100.0,0.0,0,0.0,0,3,3,0
Adrian Woliver,97961,ED,TOLEDO,1,0,0,316,71.0,1,1,23,100.0,21.7,5,1,4.3,0,25,25,2,0,61.4,0,0,7,100.0,28.6,2,0.0,0,7,7,0
Kevin Pointer,97962,DI,WAKE,1,1,0,339,78.1,0,1,3,100.0,33.3,1,0,16.7,0,3,3,1,0,,0,0,0,,,0,,0,0,0,0
Austin Ertl,97963,DI,MIAMI OH,1,0,0,221,55.2,0,0,35,100.0,0.0,0,0,0.0,0,39,39,0,0,56.4,0,0,6,100.0,0.0,0,0.0,0,6,6,0
James Ester,97965,DI,N ILLINOIS,1,0,0,254,56.5,0,1,18,100.0,0.0,0,0,2.8,0,19,19,1,0,56.8,0,1,3,100.0,0.0,0,16.7,0,4,4,1
Eric Hicks Jr.,97967,DI,TULANE,1,0,0,319,55.6,0,2,30,100.0,3.3,1,0,3.3,0,32,32,2,0,56.4,0,2,6,100.0,16.7,1,16.7,0,6,6,2
John Harris,97973,DI,BALL ST,1,0,0,117,53.7,0,0,23,95.8,0.0,0,0,0.0,0,24,23,0,0,54.4,0,0,12,100.0,0.0,0,0.0,0,12,12,0
Demond Taylor Jr.,97974,DI,N ILLINOIS,1,0,0,254,58.1,0,0,10,100.0,0.0,0,0,0.0,0,10,10,0,0,59.9,0,0,1,100.0,0.0,0,0.0,0,1,1,0
Keke Burns,98016,LB,SMU,1,0,0,287,60.0,0,0,1,100.0,0.0,0,0,0.0,0,1,1,0,0,,0,0,0,,,0,,0,0,0,0
Jeremy Lewis,98113,ED,E CAROLINA,1,0,0,156,68.3,1,0,31,91.2,12.9,4,0,8.1,2,34,31,3,0,69.0,0,0,10,90.9,30.0,3,10.0,1,11,10,1
Jahfari Harvey,98118,ED,MIAMI FL,1,0,0,220,63.4,1,0,17,73.9,0.0,0,0,8.8,1,23,17,2,0,55.3,0,0,6,100.0,0.0,0,0.0,0,6,6,0
Jalil Clemons,98119,ED,SO MISS,1,0,0,296,56.0,0,0,12,93.8,8.3,1,0,0.0,0,16,15,0,0,57.4,0,0,8,100.0,12.5,1,0.0,0,9,9,0
Myles Farmer,98122,S,NEBRASKA,1,0,0,238,59.1,0,0,0,2.6,,0,0,,0,38,1,0,0,,0,0,0,0.0,,0,,0,19,0,0
JT Killen,98125,LB,COAST CAR,1,1,0,141,75.0,0,3,7,19.0,14.3,1,0,35.7,1,42,8,4,0,67.6,0,1,2,28.6,0.0,0,25.0,0,7,2,1
Derick Hall,98130,ED,AUBURN,1,0,1,115,60.4,0,2,18,80.0,11.1,2,3,5.6,0,25,20,2,0,62.1,0,2,10,91.7,20.0,2,10.0,0,12,11,2
Zach Edwards,98131,DI,LOUISVILLE,1,0,0,210,58.0,0,0,3,100.0,0.0,0,0,0.0,0,3,3,0,0,,0,0,0,,,0,,0,0,0,0
Clayton Coll,98134,LB,BALL ST,1,0,0,117,55.6,0,0,4,8.7,0.0,0,0,0.0,0,46,4,0,0,57.1,0,0,2,10.5,0.0,0,0.0,0,19,2,0
Ramon Puryear Jr.,98138,DI,LOUISVILLE,1,0,0,210,57.8,0,1,16,100.0,0.0,0,0,3.1,0,16,16,1,0,61.9,0,1,6,100.0,0.0,0,8.3,0,6,6,1
Jaylen Hudson,98141,LB,WAKE,1,0,0,339,67.9,1,1,2,20.0,50.0,1,0,50.0,0,10,2,2,0,,0,0,0,0.0,,0,,0,1,0,0
Keivie Rose,98144,DI,LA TECH,1,0,0,208,60.0,0,2,43,100.0,7.0,3,0,2.3,0,45,45,2,0,56.1,0,1,26,100.0,3.8,1,1.9,0,27,27,1
Brian Ugwu,98145,ED,MIAMI OH,1,0,0,221,59.8,0,4,38,97.7,5.3,2,0,5.3,0,43,42,4,0,61.9,0,2,11,100.0,18.2,2,9.1,0,11,11,2
Ricky Barber,98154,DI,UCF,1,0,0,323,59.0,0,3,35,97.4,5.7,2,0,4.3,0,38,37,3,0,60.5,0,2,10,100.0,10.0,1,10.0,0,12,12,2
C.J. Bazile,98157,ED,BUFFALO,1,0,0,126,57.5,0,1,17,100.0,5.9,1,0,2.9,0,17,17,1,0,55.8,0,0,6,100.0,0.0,0,0.0,0,6,6,0
Shae Suiaunoa,98159,LB,WYOMING,1,0,0,351,54.1,0,1,3,7.3,0.0,0,0,16.7,0,41,3,1,0,59.2,0,0,1,4.8,0.0,0,0.0,0,21,1,0
Jalen Graham,98165,LB,PURDUE,1,0,0,273,57.5,0,0,6,14.6,0.0,0,0,0.0,0,41,6,0,0,,0,0,0,0.0,,0,,0,15,0,0
Tre Brown,98170,LB,WASH STATE,1,0,0,341,57.3,0,1,2,16.7,0.0,0,0,25.0,0,12,2,1,0,59.2,0,0,1,14.3,0.0,0,0.0,0,7,1,0
DeWayne Carter,98175,DI,DUKE,1,0,0,154,79.9,1,3,32,100.0,21.9,7,0,6.3,0,34,34,4,0,65.4,0,1,10,100.0,20.0,2,5.0,0,10,10,1
Savion Jackson,98177,ED,NC STATE,1,0,1,248,63.6,0,1,20,100.0,15.0,3,1,2.5,0,22,22,1,0,59.5,0,0,1,100.0,0.0,0,0.0,0,1,1,0
Jaylen Pate,98178,ED,NWESTERN,1,0,0,256,62.3,0,1,9,90.0,11.1,1,0,5.6,0,10,9,1,0,58.2,0,0,2,100.0,0.0,0,0.0,0,2,2,0
Omar Darame,98179,ED,NEW MEXICO,1,0,0,241,56.1,0,0,5,100.0,0.0,0,0,0.0,0,5,5,0,0,57.1,0,0,2,100.0,0.0,0,0.0,0,2,2,0
Kevin Penn,98180,DI,UAB,1,0,0,321,60.0,0,0,1,100.0,0.0,0,0,0.0,0,1,1,0,0,,0,0,0,,,0,,0,0,0,0
Kyron Mims,98182,DI,BALL ST,1,0,0,117,54.4,0,0,22,100.0,0.0,0,0,0.0,0,23,23,0,0,56.3,0,0,6,100.0,0.0,0,0.0,0,7,7,0
Deshon Hall Jr.,98183,ED,LA TECH,1,0,0,208,55.2,0,1,29,100.0,3.4,1,0,1.7,0,31,31,1,0,56.2,0,1,21,100.0,4.8,1,2.4,0,22,22,1
Seth Mason,98185,ED,LA MONROE,1,0,0,209,51.8,0,0,25,100.0,4.0,1,0,0.0,0,26,26,0,0,64.3,0,0,4,100.0,25.0,1,0.0,0,4,4,0
Jason Gold Jr.,98186,DI,NWESTERN,1,0,0,256,60.0,0,0,1,100.0,0.0,0,0,0.0,0,1,1,0,0,,0,0,0,,,0,,0,0,0,0
Kennedy Roberts,98188,DI,COAST CAR,1,0,0,141,56.8,0,0,13,100.0,0.0,0,0,0.0,0,14,14,0,0,58.7,0,0,2,100.0,0.0,0,0.0,0,2,2,0
Dal'mont Gourdine,98189,DI,UCONN,1,0,0,146,53.9,0,0,30,100.0,0.0,0,0,0.0,0,31,31,0,0,55.6,0,0,8,100.0,0.0,0,0.0,0,8,8,0
Kobe Hilton,98191,DI,MIAMI OH,1,0,0,221,59.2,0,0,26,100.0,0.0,0,0,3.8,1,29,29,1,0,62.9,0,0,7,100.0,0.0,0,14.3,1,7,7,1
Immanuel Hickman Sr.,98192,ED,E CAROLINA,1,0,0,156,55.6,0,0,7,100.0,0.0,0,0,0.0,0,7,7,0,0,57.8,0,0,2,100.0,0.0,0,0.0,0,2,2,0
Quindarius Dunnigan,98193,ED,MIDDLE TN,1,0,0,224,55.4,0,0,8,100.0,0.0,0,0,0.0,0,9,9,0,0,57.7,0,0,2,100.0,0.0,0,0.0,0,2,2,0
Anthony Collier,98197,DI,MIAMI OH,1,0,0,221,59.0,0,0,5,83.3,0.0,0,0,0.0,0,6,5,0,0,,0,0,0,,,0,,0,0,0,0
Zukudo Igwenagu,98305,ED,UMASS,1,0,1,216,68.2,0,1,4,57.1,0.0,0,1,12.5,0,7,4,1,0,59.8,0,0,1,100.0,0.0,0,0.0,0,1,1,0
Shamar McCollum,98309,ED,GA STATE,1,0,0,175,73.6,1,2,15,59.3,26.7,4,0,10.0,0,27,16,3,0,57.2,0,0,1,66.7,0.0,0,0.0,0,3,2,0
Nathan Pickering,98311,DI,MISS STATE,1,1,0,227,59.2,0,0,20,90.9,0.0,0,0,0.0,0,22,20,0,0,56.0,0,0,4,66.7,0.0,0,0.0,0,6,4,0
Colby Wooden,98312,ED,AUBURN,1,0,0,115,76.6,0,1,22,100.0,4.5,1,0,6.8,1,24,24,2,0,81.1,0,1,10,100.0,0.0,0,15.0,1,11,11,2
Sylvain Yondjouen,98313,ED,GA TECH,1,1,0,176,63.7,0,1,23,100.0,4.3,1,1,6.5,1,25,25,2,1,64.0,0,1,17,100.0,5.9,1,8.8,1,17,17,2
David Ugwoegbu,98314,LB,OKLAHOMA,1,0,0,261,53.0,0,0,6,17.1,0.0,0,0,0.0,0,35,6,0,0,59.1,0,0,1,50.0,0.0,0,0.0,0,2,1,0
Joshua Harris,98317,DI,NC STATE,1,0,0,248,58.4,0,0,4,100.0,0.0,0,0,0.0,0,5,5,0,0,60.0,0,0,1,100.0,0.0,0,0.0,0,1,1,0
Tavion Woodard,98322,ED,BALL ST,1,0,0,117,59.7,0,1,36,94.7,8.3,3,0,4.2,1,38,36,2,0,61.2,0,0,16,100.0,12.5,2,6.3,1,16,16,1
Mykol Clark,98326,ED,LA TECH,1,0,0,208,53.2,0,0,17,94.4,0.0,0,0,0.0,0,18,17,0,0,53.3,0,0,12,92.3,0.0,0,0.0,0,13,12,0
Jared Harrison-Hunte,98331,DI,MIAMI FL,1,0,0,220,52.2,0,3,13,100.0,15.4,2,0,11.5,0,13,13,3,0,62.6,0,2,3,100.0,66.7,2,33.3,0,3,3,2
Darius Alexander,98333,DI,TOLEDO,1,1,0,316,67.7,0,2,21,100.0,9.5,2,0,4.8,0,23,23,2,1,70.9,0,1,7,100.0,14.3,1,7.1,0,7,7,1
DeVonne Harris,98341,ED,WYOMING,1,0,0,351,72.1,3,3,27,96.6,11.1,3,0,18.5,2,29,28,8,0,69.0,0,2,15,100.0,13.3,2,20.0,2,15,15,4
R.J. Oben,98342,ED,DUKE,1,0,0,154,76.3,1,2,23,100.0,21.7,5,0,10.9,1,26,26,4,0,67.2,0,1,6,100.0,16.7,1,8.3,0,7,7,1
Marshawn Kneeland,98344,ED,W MICHIGAN,1,0,0,347,60.1,0,1,24,100.0,8.3,2,0,6.3,1,27,27,2,0,59.0,0,1,8,100.0,12.5,1,6.3,0,10,10,1
Da'Jon Terry,98345,DI,TENNESSEE,1,0,0,307,62.4,0,1,11,100.0,9.1,1,0,4.5,0,13,13,1,0,56.8,0,0,4,100.0,0.0,0,0.0,0,6,6,0
Jordan Bertagnole,98348,DI,WYOMING,1,0,0,351,55.5,0,1,32,100.0,3.1,1,0,1.6,0,34,34,1,0,53.7,0,1,15,100.0,6.7,1,3.3,0,15,15,1
DeShawn Holt,98439,ED,TOLEDO,1,0,0,316,66.0,1,2,37,95.0,10.8,4,2,4.1,0,40,38,3,0,71.8,1,1,17,94.4,17.6,3,5.9,0,18,17,2
Jason Vaughn,98440,ED,USF,1,0,0,327,67.4,0,1,20,95.7,20.0,4,0,7.5,1,23,22,2,0,70.1,0,0,10,100.0,30.0,3,10.0,1,11,11,1
Seth Coleman,98443,ED,ILLINOIS,1,0,0,187,84.0,2,3,29,96.7,31.0,9,0,15.5,2,30,29,7,0,89.4,2,2,15,100.0,53.3,8,20.0,1,15,15,5
Keith Randolph Jr.,98452,DI,ILLINOIS,1,0,0,187,62.0,0,1,27,100.0,7.4,2,0,5.6,1,27,27,2,0,62.8,0,0,11,100.0,9.1,1,9.1,1,11,11,1
Ty Danzy,98453,DI,FIU,1,0,0,166,58.1,0,0,1,100.0,0.0,0,0,0.0,0,2,2,0,0,58.8,0,0,1,100.0,0.0,0,0.0,0,1,1,0
Izaiah Henderson,98456,DI,BOSTON COL,1,0,0,121,58.1,0,0,4,100.0,0.0,0,0,0.0,0,4,4,0,0,60.0,0,0,1,100.0,0.0,0,0.0,0,1,1,0
Eric Watts,98459,ED,UCONN,1,0,0,146,57.7,0,2,34,90.0,5.9,2,0,2.9,0,40,36,2,0,59.7,0,1,9,100.0,11.1,1,5.6,0,10,10,1
Adam Plant,98461,ED,UNLV,1,0,0,325,66.4,0,1,24,100.0,20.8,5,0,2.1,0,26,26,1,0,72.4,0,1,11,100.0,36.4,4,4.5,0,11,11,1
Zach Harrison,98503,ED,OHIO STATE,1,0,0,260,59.9,0,2,17,100.0,5.9,1,1,5.9,0,21,21,2,0,58.7,0,1,7,100.0,14.3,1,7.1,0,9,9,1
Cory Stover,98505,ED,OREGON ST,1,0,0,265,64.2,0,1,5,60.0,20.0,1,0,10.0,0,10,6,1,0,63.7,0,1,1,33.3,100.0,1,50.0,0,3,1,1
Jeremiah Jean-Baptiste,98536,LB,UCF,1,0,0,323,66.9,0,1,10,28.3,20.0,2,0,5.0,0,46,13,1,0,62.5,0,0,2,27.8,0.0,0,0.0,0,18,5,0
Dallaz Corbitt,98549,ED,UCF,1,0,0,323,55.3,0,1,7,100.0,0.0,0,0,7.1,0,7,7,1,0,56.6,0,1,4,100.0,0.0,0,12.5,0,4,4,1
Jaylen Mahoney,98558,S,VANDERBILT,1,0,0,333,60.0,0,0,1,3.0,0.0,0,0,0.0,0,33,1,0,0,,0,0,0,0.0,,0,,0,6,0,0
Anfernee Orji,98568,LB,VANDERBILT,1,0,0,333,56.5,0,1,3,9.4,33.3,1,0,16.7,0,32,3,1,0,58.9,0,1,1,16.7,100.0,1,50.0,0,6,1,1
Christian James,98572,DI,VANDERBILT,1,0,0,333,59.0,0,0,19,100.0,5.3,1,0,0.0,0,19,19,0,0,56.9,0,0,3,100.0,0.0,0,0.0,0,3,3,0
Nate Clifton,98574,ED,VANDERBILT,1,0,0,333,65.0,1,1,18,100.0,22.2,4,0,5.6,0,18,18,2,0,54.6,0,1,5,100.0,20.0,1,10.0,0,5,5,1
Brayden Bapst,98575,ED,VANDERBILT,1,0,0,333,57.2,0,0,4,100.0,0.0,0,0,0.0,0,4,4,0,0,59.9,0,0,1,100.0,0.0,0,0.0,0,1,1,0
Cam Goode,98596,DI,MICHIGAN,1,0,0,222,58.8,0,0,2,100.0,0.0,0,0,0.0,0,4,4,0,0,59.9,0,0,0,100.0,,0,,0,1,1,0
Grant Trueman,98600,ED,E MICHIGAN,1,0,0,160,58.6,0,0,14,100.0,0.0,0,1,7.1,1,16,16,1,0,54.2,0,0,8,100.0,0.0,0,0.0,0,9,9,0
Marcus Bragg,98604,ED,AUBURN,1,0,0,115,52.0,0,0,23,96.3,0.0,0,0,0.0,0,27,26,0,0,51.6,0,0,11,100.0,0.0,0,0.0,0,13,13,0
TQ Newsome,98625,LB,SO MISS,1,0,0,296,66.5,1,0,2,25.0,0.0,0,0,25.0,0,12,3,1,0,67.3,1,0,2,28.6,0.0,0,25.0,0,7,2,1
Nick Anderson,98636,LB,TULANE,1,0,0,319,73.0,1,2,18,33.3,27.8,5,0,8.3,0,54,18,3,0,79.0,1,2,12,57.1,41.7,5,12.5,0,21,12,3
Nick Jackson,98640,LB,VIRGINIA,1,0,0,335,59.0,1,1,0,3.2,,0,0,,0,31,1,2,0,59.0,1,0,0,6.3,,0,,0,16,1,1
Reco Hannah,98644,ED,NEW MEXICO,1,0,0,241,60.5,1,2,8,50.0,0.0,0,0,18.8,0,18,9,3,0,64.0,1,1,4,50.0,0.0,0,25.0,0,8,4,2
Lando Grey,98659,DI,S JOSE ST,1,0,0,285,61.4,0,1,11,100.0,9.1,1,0,4.5,0,11,11,1,0,56.1,0,0,6,100.0,0.0,0,0.0,0,6,6,0
Leonard Lee,98757,S,HAWAII,1,0,0,180,60.0,0,0,1,7.7,0.0,0,0,0.0,0,13,1,0,0,60.0,0,0,1,33.3,0.0,0,0.0,0,3,1,0
Kyon Barrs,98769,DI,ARIZONA,1,0,0,109,55.9,0,1,22,95.8,4.5,1,1,2.3,0,24,23,1,0,58.0,0,0,3,100.0,0.0,0,0.0,0,3,3,0
Mohamoud Diabate,98780,LB,UTAH,1,0,0,328,56.1,0,1,3,15.0,0.0,0,0,16.7,0,20,3,1,0,59.3,0,1,1,100.0,0.0,0,50.0,0,1,1,1
Ty'Ron Hopper,98781,LB,MISSOURI,1,0,0,229,67.8,0,1,3,15.8,0.0,0,0,16.7,0,19,3,1,0,64.9,0,1,1,25.0,0.0,0,50.0,0,4,1,1
Jesiah Pierre,98782,ED,TEXAS TECH,1,0,0,315,69.3,0,0,24,70.3,0.0,0,0,8.3,2,37,26,2,0,77.9,0,0,5,77.8,0.0,0,20.0,1,9,7,1
Lloyd Summerall,98784,ED,FLORIDA,1,0,0,163,59.8,0,1,10,83.3,0.0,0,0,5.0,0,12,10,1,0,54.9,0,0,6,85.7,0.0,0,0.0,0,7,6,0
Jay Ward,98833,CB,LSU,1,0,0,211,60.0,0,0,1,3.6,0.0,0,2,0.0,0,28,1,0,0,,0,0,0,0.0,,0,,0,5,0,0
Cam Smith,98837,CB,S CAROLINA,1,0,0,289,56.1,0,1,2,8.7,0.0,0,0,25.0,0,23,2,1,0,58.2,0,1,1,11.1,0.0,0,50.0,0,9,1,1
Jaylen McCollough,98845,S,TENNESSEE,1,0,0,307,58.2,0,0,1,3.4,0.0,0,0,0.0,0,58,2,0,0,59.5,0,0,1,4.8,0.0,0,0.0,0,21,1,0
Aaron Beasley,98846,LB,TENNESSEE,1,0,0,307,62.9,0,1,5,21.9,0.0,0,1,10.0,0,32,7,1,0,66.4,0,1,1,25.0,0.0,0,50.0,0,8,2,1
Demani Richardson,98852,S,TEXAS A&M,1,0,0,312,65.8,0,1,2,6.7,0.0,0,0,25.0,0,30,2,1,0,65.8,0,1,2,16.7,0.0,0,25.0,0,12,2,1
Greg Brooks Jr.,98869,S,LSU,1,0,0,211,90.7,0,0,4,11.1,0.0,0,0,25.0,1,36,4,1,0,92.0,0,0,1,20.0,0.0,0,100.0,1,5,1,1
LeDarrius Cox,98905,DI,INDIANA,1,0,0,190,58.0,0,1,3,100.0,0.0,0,0,16.7,0,3,3,1,0,58.7,0,1,2,100.0,0.0,0,25.0,0,2,2,1
De'Monte Russell,98907,ED,MISS STATE,1,0,0,227,57.4,0,0,5,83.3,0.0,0,0,0.0,0,6,5,0,0,58.4,0,0,2,100.0,0.0,0,0.0,0,2,2,0
Jack Harris,98908,ED,MISS STATE,1,0,0,227,59.4,0,0,5,83.3,0.0,0,0,20.0,1,6,5,1,0,59.4,0,0,1,50.0,0.0,0,0.0,0,2,1,0
Zacch Pickens,98911,DI,S CAROLINA,1,0,0,289,77.5,1,3,25,92.9,20.0,5,0,12.0,1,28,26,5,0,66.0,0,3,10,90.9,30.0,3,25.0,1,11,10,4
Devontae Davis,98914,DI,VIRGINIA,1,0,0,335,60.0,0,0,1,100.0,0.0,0,0,0.0,0,1,1,0,0,,0,0,0,,,0,,0,0,0,0
Elijah Simmons,98915,DI,TENNESSEE,1,0,0,307,57.0,0,0,10,100.0,0.0,0,0,0.0,0,11,11,0,0,57.9,0,0,4,100.0,0.0,0,0.0,0,4,4,0
Adarious Jones,98921,DI,TEXAS A&M,1,0,0,312,59.6,0,0,2,100.0,0.0,0,0,0.0,0,2,2,0,0,,0,0,0,,,0,,0,0,0,0
Byron Young,98923,DI,ALABAMA,1,1,0,103,74.2,1,2,27,100.0,7.4,2,0,5.6,0,29,29,3,0,83.0,1,2,10,100.0,20.0,2,15.0,0,11,11,3
DJ Dale,98927,DI,ALABAMA,1,0,0,103,62.5,0,1,14,100.0,7.1,1,0,3.6,0,14,14,1,0,66.4,0,1,4,100.0,25.0,1,12.5,0,4,4,1
Collin Clay,98929,DI,OKLA STATE,1,0,0,262,55.6,0,2,10,100.0,0.0,0,0,10.0,0,11,11,2,0,56.9,0,1,5,100.0,0.0,0,10.0,0,5,5,1
Eric Gregory,98930,ED,ARKANSAS,1,0,0,111,62.2,0,2,24,100.0,12.5,3,0,4.2,0,27,27,2,0,67.0,0,1,2,100.0,50.0,1,25.0,0,2,2,1
Zach Williams,98931,ED,ARKANSAS,1,0,0,111,62.4,0,0,17,100.0,11.8,2,0,0.0,0,20,20,0,0,59.9,0,0,0,100.0,,0,,0,1,1,0
Tramel Walthour,98942,ED,GEORGIA,1,0,0,173,59.7,0,1,9,100.0,11.1,1,0,5.6,0,9,9,1,0,62.3,0,1,5,100.0,20.0,1,10.0,0,5,5,1
Tymon Mitchell,98943,DI,TCU,1,0,0,305,64.1,0,1,11,100.0,18.2,2,0,4.5,0,11,11,1,0,60.0,0,0,1,100.0,0.0,0,0.0,0,1,1,0
Zion Logue,98944,DI,GEORGIA,1,0,0,173,67.9,0,2,14,100.0,14.3,2,0,7.1,0,14,14,2,0,74.7,0,2,7,100.0,28.6,2,14.3,0,7,7,2
Darius Robinson,98946,DI,MISSOURI,1,0,0,229,56.7,0,0,7,100.0,0.0,0,0,0.0,0,8,8,0,0,58.8,0,0,2,100.0,0.0,0,0.0,0,2,2,0
Isaiah McGuire,98948,ED,MISSOURI,1,0,0,229,61.3,0,0,8,81.8,0.0,0,1,0.0,0,11,9,0,0,57.3,0,0,2,66.7,0.0,0,0.0,0,3,2,0
Cavon Butler,98951,DI,TOLEDO,1,0,0,316,66.9,0,1,22,95.7,9.1,2,0,2.3,0,23,22,1,0,66.6,0,1,11,100.0,9.1,1,4.5,0,11,11,1
Jahmar Brown,98981,S,COAST CAR,1,0,0,141,68.4,0,0,6,37.5,0.0,0,0,16.7,1,16,6,1,0,,0,0,0,0.0,,0,,0,2,0,0
Henry To'oTo'o,98982,LB,ALABAMA,1,0,0,103,57.0,0,1,12,22.6,8.3,1,0,4.2,0,53,12,1,0,58.1,0,1,10,41.7,10.0,1,5.0,0,24,10,1
Roman Harrison,98983,ED,TENNESSEE,1,0,0,307,75.0,1,1,29,93.5,10.3,3,0,10.3,2,31,29,4,0,82.7,1,1,12,92.3,25.0,3,25.0,2,13,12,4
Tarian Lee Jr.,98988,LB,TEXAS A&M,1,0,0,312,58.7,0,0,2,22.2,0.0,0,0,0.0,0,9,2,0,0,,0,0,0,0.0,,0,,0,3,0,0
Chris Russell Jr.,98989,LB,TEXAS A&M,1,0,0,312,65.4,0,0,4,23.8,0.0,0,0,25.0,1,21,5,1,0,59.2,0,0,1,11.1,0.0,0,0.0,0,9,1,0
Kevin Harris,98999,ED,GA TECH,1,0,0,176,64.6,0,0,3,100.0,33.3,1,0,0.0,0,3,3,0,0,64.6,0,0,3,100.0,33.3,1,0.0,0,3,3,0
Nolan Smith,99014,ED,GEORGIA,1,0,0,173,76.0,0,4,20,80.0,20.0,4,0,10.0,0,25,20,4,0,74.1,0,3,14,100.0,21.4,3,10.7,0,14,14,3
Rian Davis,99016,LB,GEORGIA,1,0,0,173,66.6,0,1,3,9.4,33.3,1,0,16.7,0,32,3,1,0,66.0,0,1,1,6.3,100.0,1,50.0,0,16,1,1
Devin Nicholson,99021,LB,MISSOURI,1,0,0,229,66.6,0,1,2,25.0,50.0,1,0,25.0,0,8,2,1,0,59.2,0,0,1,100.0,0.0,0,0.0,0,1,1,0
Patrick Lucas Jr.,99039,DI,INDIANA,1,0,0,190,57.4,0,0,9,100.0,0.0,0,0,0.0,0,9,9,0,0,58.1,0,0,4,100.0,0.0,0,0.0,0,4,4,0
J.J. Weaver,99111,ED,KENTUCKY,1,0,0,202,52.4,0,1,13,65.0,0.0,0,0,3.8,0,20,13,1,0,53.8,0,1,6,85.7,0.0,0,8.3,0,7,6,1
Martez Manuel,99173,S,MISSOURI,1,0,0,229,57.0,0,0,2,18.2,0.0,0,0,0.0,0,11,2,0,0,57.0,0,0,2,66.7,0.0,0,0.0,0,3,2,0
Collin Duncan,99174,S,MISS STATE,1,0,0,227,56.4,1,0,2,7.7,0.0,0,0,25.0,0,26,2,1,0,57.7,0,0,1,12.5,0.0,0,0.0,0,8,1,0
J.P. Purvis,99175,LB,MISS STATE,1,0,0,227,72.9,1,2,6,50.0,0.0,0,0,25.0,0,12,6,3,0,70.1,1,1,2,66.7,0.0,0,50.0,0,3,2,2
Marcel Brooks,99177,LB,TCU,1,0,0,305,75.5,0,1,1,7.7,200.0,2,0,50.0,0,13,1,1,0,63.0,0,1,1,25.0,100.0,1,50.0,0,4,1,1
Virdel Edwards II,99286,CB,HAWAII,1,0,0,180,68.4,1,0,1,2.4,100.0,1,0,50.0,0,41,1,1,0,68.4,1,0,1,6.3,100.0,1,50.0,0,16,1,1
Ben Kopenski,99303,ED,OKLA STATE,1,0,0,262,77.3,2,2,22,88.9,27.3,6,0,13.6,1,27,24,5,0,79.7,2,2,10,100.0,40.0,4,30.0,1,10,10,5
Trace Ford,99307,ED,OKLA STATE,1,1,1,262,65.6,1,3,27,88.6,11.1,3,1,7.4,0,35,31,4,0,64.3,1,3,15,100.0,20.0,3,13.3,0,16,16,4
Kody Walterscheid,99308,ED,OKLA STATE,1,0,0,262,57.8,0,0,3,100.0,0.0,0,0,0.0,0,3,3,0,0,58.6,0,0,2,100.0,0.0,0,0.0,0,2,2,0
Corey Suttle,99312,ED,MIAMI OH,1,0,0,221,59.8,0,0,12,100.0,0.0,0,0,8.3,1,12,12,1,0,63.5,0,0,6,100.0,0.0,0,16.7,1,6,6,1
Blake Peterson,99313,ED,IOWA STATE,1,0,0,193,56.2,0,0,5,100.0,0.0,0,0,0.0,0,5,5,0,0,60.0,0,0,1,100.0,0.0,0,0.0,0,1,1,0
T'Vondre Sweat,99321,DI,TEXAS,1,0,0,311,55.4,0,0,13,100.0,0.0,0,0,0.0,0,13,13,0,0,56.4,0,0,5,100.0,0.0,0,0.0,0,5,5,0
Malcolm Lee,99323,ED,KANSAS,1,0,0,198,59.9,0,1,17,89.5,5.9,1,0,2.9,0,19,17,1,0,65.9,0,1,5,71.4,20.0,1,10.0,0,7,5,1
Marcus Stripling,99327,ED,OKLAHOMA,1,0,0,261,64.6,0,1,3,100.0,33.3,1,0,16.7,0,3,3,1,0,65.1,0,1,1,100.0,100.0,1,50.0,0,1,1,1
Tony Bradford Jr.,99335,DI,TEXAS TECH,1,0,0,315,55.9,0,4,42,100.0,9.5,4,0,4.8,0,42,42,4,0,67.1,0,1,9,100.0,22.2,2,5.6,0,9,9,1
Sione Asi,99343,DI,OKLA STATE,1,0,0,262,63.1,0,1,38,97.4,5.3,2,0,3.9,1,39,38,2,0,65.5,0,1,13,100.0,15.4,2,3.8,0,13,13,1
Juwan Mitchell,99368,LB,TENNESSEE,1,0,0,307,54.3,0,0,7,25.7,0.0,0,0,0.0,0,35,9,0,0,54.3,0,0,5,31.3,0.0,0,0.0,0,16,5,0
Hayden Hatcher,99373,ED,KANSAS,1,0,0,198,61.4,0,0,11,100.0,9.1,1,0,0.0,0,11,11,0,0,66.9,0,0,3,100.0,33.3,1,0.0,0,3,3,0
Dee Winters,99376,LB,TCU,1,0,0,305,57.0,0,2,4,11.4,0.0,0,0,25.0,0,35,4,2,0,59.7,0,1,1,16.7,0.0,0,50.0,0,6,1,1
Kamryn Farrar,99380,LB,SMU,1,0,0,287,58.9,0,0,1,20.0,0.0,0,0,0.0,0,5,1,0,0,58.9,0,0,1,33.3,0.0,0,0.0,0,3,1,0
Khalid Duke,99387,LB,KANSAS ST,1,0,0,199,59.5,0,0,1,50.0,0.0,0,0,0.0,0,2,1,0,0,,0,0,0,0.0,,0,,0,1,0,0
Austin Moore,99388,LB,KANSAS ST,1,0,0,199,63.5,0,0,5,12.5,20.0,1,0,0.0,0,40,5,0,0,59.7,0,0,1,16.7,0.0,0,0.0,0,6,1,0
Kosi Eldridge,99397,LB,TEXAS TECH,1,0,0,315,73.7,1,0,8,17.8,25.0,2,0,6.3,0,45,8,1,0,73.5,0,0,3,27.3,66.7,2,0.0,0,11,3,0
Tyrique Matthews,99398,LB,TEXAS TECH,1,0,0,315,57.4,0,0,2,18.2,0.0,0,0,0.0,0,11,2,0,0,59.4,0,0,1,33.3,0.0,0,0.0,0,3,1,0
Brendan Mott,99521,ED,KANSAS ST,1,0,0,199,59.0,1,1,32,100.0,6.3,2,0,6.3,1,32,32,3,0,60.0,0,0,7,100.0,14.3,1,0.0,0,7,7,0
Chico Bennett Jr.,99725,ED,VIRGINIA,1,0,0,335,61.9,0,1,17,94.7,5.9,1,0,2.9,0,19,18,1,0,65.7,0,1,8,90.0,12.5,1,6.3,0,10,9,1
Kane Patterson,99729,LB,VANDERBILT,1,0,0,333,65.3,0,1,4,23.5,25.0,1,0,12.5,0,17,4,1,0,,0,0,0,0.0,,0,,0,3,0,0
Jarvis Brownlee Jr.,99734,CB,LOUISVILLE,1,0,0,210,65.8,0,1,2,4.5,50.0,1,0,25.0,0,44,2,1,0,,0,0,0,0.0,,0,,0,18,0,0
Kalen DeLoach,99740,LB,FLORIDA ST,1,0,0,167,58.9,0,0,1,4.2,0.0,0,0,0.0,0,24,1,0,0,,0,0,0,0.0,,0,,0,13,0,0
Brandon Hill,99742,S,PITTSBURGH,1,0,0,268,59.9,0,0,1,1.8,0.0,0,0,0.0,0,55,1,0,0,59.9,0,0,1,5.0,0.0,0,0.0,0,20,1,0
Adrian Cole,99749,CB,FIU,1,0,0,166,60.0,0,0,1,16.7,0.0,0,0,0.0,0,6,1,0,0,,0,0,0,0.0,,0,,0,1,0,0
A.J. Woods,99750,CB,PITTSBURGH,1,0,1,268,68.6,0,2,2,5.7,50.0,1,1,50.0,0,35,2,2,0,68.6,0,2,2,20.0,50.0,1,50.0,0,10,2,2
Quashon Fuller,99758,ED,MARYLAND,1,0,0,215,60.0,0,1,19,100.0,5.3,1,0,2.6,0,19,19,1,0,65.9,0,1,7,100.0,14.3,1,7.1,0,7,7,1
Keith Maguire,99760,LB,CLEMSON,1,0,0,140,60.5,0,0,6,50.0,16.7,1,0,0.0,0,12,6,0,0,63.7,0,0,4,80.0,25.0,1,0.0,0,5,4,0
Geoffrey Cantin-Arku,99763,LB,MEMPHIS,1,0,0,218,58.5,0,0,3,19.0,0.0,0,0,0.0,0,21,4,0,0,,0,0,0,0.0,,0,,0,9,0,0
Etinosa Reuben,99766,DI,CLEMSON,1,0,0,140,62.3,0,0,6,100.0,16.7,1,0,0.0,0,6,6,0,0,57.1,0,0,3,100.0,0.0,0,0.0,0,3,3,0
SirVocea Dennis,99767,LB,PITTSBURGH,1,0,0,268,64.7,0,1,5,17.2,0.0,0,0,30.0,1,29,5,2,0,67.3,0,1,3,25.0,0.0,0,50.0,1,12,3,2
Ruke Orhorhoro,99768,DI,CLEMSON,1,1,0,140,72.6,1,3,29,100.0,10.3,3,0,6.9,0,29,29,4,0,68.0,0,3,14,100.0,7.1,1,10.7,0,14,14,3
Brion Murray,99776,CB,VA TECH,1,0,0,337,59.1,0,0,1,4.0,0.0,0,0,0.0,0,25,1,0,0,,0,0,0,0.0,,0,,0,6,0,0
LaVonta Bentley,99789,LB,CLEMSON,1,0,0,140,65.1,0,1,4,33.3,25.0,1,0,12.5,0,12,4,1,0,63.1,0,1,1,20.0,100.0,1,50.0,0,5,1,1
Brendan Gant,99793,LB,FLORIDA ST,1,0,0,167,60.0,0,0,1,25.0,0.0,0,0,0.0,0,4,1,0,0,,0,0,0,,,0,,0,0,0,0
Derrick McLendon II,99810,ED,FLORIDA ST,1,0,0,167,60.8,0,3,17,100.0,5.9,1,1,14.7,1,17,17,4,0,59.8,0,3,7,100.0,14.3,1,21.4,0,7,7,3
Bam Brima,99812,ED,PITTSBURGH,1,0,0,268,60.7,0,0,5,100.0,20.0,1,0,0.0,0,7,7,0,0,62.5,0,0,3,100.0,33.3,1,0.0,0,5,5,0
C.J. Clark,99816,ED,NC STATE,1,0,0,248,61.0,0,1,12,100.0,16.7,2,0,4.2,0,15,15,1,0,57.3,0,0,3,100.0,0.0,0,0.0,0,3,3,0
Calijah Kancey,99822,DI,PITTSBURGH,1,0,0,268,72.4,1,2,32,100.0,6.3,2,0,4.7,0,36,36,3,0,68.9,1,1,13,100.0,7.7,1,7.7,0,14,14,2
Khadry Jackson,99823,LB,GA SOUTHRN,1,0,0,174,64.2,0,2,1,4.2,100.0,1,0,100.0,0,24,1,2,0,64.5,0,0,1,20.0,100.0,1,0.0,0,5,1,0
Drew Tuazama,99824,ED,UAB,1,0,0,321,75.4,0,1,22,100.0,18.2,4,0,6.8,1,24,24,2,0,57.6,0,0,1,100.0,0.0,0,0.0,0,2,2,0
DeAndre Jules,99830,DI,PITTSBURGH,1,0,0,268,57.7,0,1,4,100.0,25.0,1,0,12.5,0,4,4,1,0,60.0,0,0,1,100.0,0.0,0,0.0,0,1,1,0
Josh Fuga,99832,DI,VA TECH,1,1,0,337,62.1,0,0,12,100.0,0.0,0,0,0.0,0,15,15,0,0,57.4,0,0,3,100.0,0.0,0,0.0,0,4,4,0
Mario Kendricks Jr.,99838,DI,VA TECH,1,0,0,337,70.9,0,1,12,100.0,8.3,1,0,4.2,0,12,12,1,0,82.7,0,1,3,100.0,33.3,1,16.7,0,3,3,1
Kristian Varner,99839,DI,GA SOUTHRN,1,0,0,174,59.6,0,0,18,100.0,0.0,0,0,0.0,0,21,21,0,0,55.8,0,0,5,100.0,0.0,0,0.0,0,6,6,0
Ben Smiley,99845,DI,VIRGINIA,1,0,0,335,54.1,0,0,19,100.0,0.0,0,1,0.0,0,20,20,0,0,54.8,0,0,11,100.0,0.0,0,0.0,0,12,12,0
Norell Pollard,99848,DI,VA TECH,1,0,0,337,57.5,0,2,21,100.0,4.8,1,0,4.8,0,24,24,2,0,55.3,0,0,7,100.0,0.0,0,0.0,0,8,8,0
Kevin Hester Jr.,99852,DI,N CAROLINA,1,0,0,245,58.3,0,0,20,100.0,0.0,0,0,0.0,0,21,21,0,0,57.1,0,0,5,100.0,0.0,0,0.0,0,5,5,0
D'Quan Douse,99854,DI,GA TECH,1,0,0,176,60.8,0,3,33,100.0,9.1,3,0,4.5,0,35,35,3,0,56.3,0,1,23,100.0,4.3,1,2.2,0,24,24,1
Malcolm Ray,99856,DI,FLORIDA ST,1,0,0,167,52.5,0,1,18,100.0,5.6,1,0,8.3,1,19,19,2,0,53.9,0,1,8,100.0,12.5,1,18.8,1,9,9,2
Jordan Anderson,100285,CB,BOWL GREEN,1,0,0,122,58.6,0,0,1,4.3,0.0,0,0,0.0,0,23,1,0,0,58.6,0,0,1,10.0,0.0,0,0.0,0,10,1,0
Robert Daniel Jr.,100289,S,E MICHIGAN,1,0,0,160,59.2,0,0,0,3.6,,0,0,,0,28,1,0,0,59.2,0,0,0,8.3,,0,,0,12,1,0
Brock Horne,100301,LB,BOWL GREEN,1,0,0,122,59.6,0,0,1,7.1,0.0,0,1,0.0,0,14,1,0,0,59.6,0,0,1,14.3,0.0,0,0.0,0,7,1,0
Darren Anders,100304,LB,BOWL GREEN,1,0,0,122,47.4,0,1,3,15.8,0.0,0,0,16.7,0,19,3,1,0,47.0,0,1,2,25.0,0.0,0,25.0,0,8,2,1
D'Andre Ragin,100316,ED,TOLEDO,1,0,0,316,73.9,0,1,6,100.0,33.3,2,0,8.3,0,6,6,1,0,77.8,0,1,3,100.0,66.7,2,16.7,0,3,3,1
T.J. Peavy,100322,S,E MICHIGAN,1,0,0,160,57.7,0,0,2,8.3,0.0,0,0,0.0,0,24,2,0,0,57.7,0,0,2,16.7,0.0,0,0.0,0,12,2,0
Blaine Spires,100324,ED,BOWL GREEN,1,0,0,122,71.2,0,1,5,40.0,20.0,1,0,10.0,0,15,6,1,0,75.6,0,1,2,50.0,50.0,1,25.0,0,6,3,1
Sekou Diaby,100331,DI,KENT STATE,1,0,0,201,58.6,0,0,5,100.0,0.0,0,0,0.0,0,5,5,0,0,,0,0,0,,,0,,0,0,0,0
Julian Richardson,100336,ED,AKRON,1,0,0,102,60.0,0,0,1,33.3,0.0,0,0,0.0,0,3,1,0,0,,0,0,0,,,0,,0,0,0,0
Buddha Jones,100343,DI,TROY,1,0,0,318,64.4,0,0,19,100.0,5.3,1,0,0.0,0,19,19,0,0,57.3,0,0,4,100.0,0.0,0,0.0,0,4,4,0
Vonnie Watkins,100349,ED,OHIO,1,0,0,259,71.7,0,2,41,100.0,17.1,7,1,4.9,1,41,41,3,0,64.9,0,1,21,100.0,19.0,4,7.1,1,21,21,2
Denzel Daxon,100352,DI,OHIO,1,0,0,259,57.8,0,0,6,100.0,0.0,0,0,0.0,0,6,6,0,0,58.8,0,0,2,100.0,0.0,0,0.0,0,2,2,0
Salim Turner-Muhammad,100377,CB,STANFORD,1,0,0,300,59.4,0,0,1,3.2,0.0,0,0,0.0,0,31,1,0,0,,0,0,0,0.0,,0,,0,17,0,0
Carl Jones Jr.,100406,ED,UCLA,1,0,0,324,63.2,0,1,15,62.5,6.7,1,0,10.0,1,24,15,2,0,53.2,0,0,8,80.0,0.0,0,0.0,0,10,8,0
Connor Soelle,100407,LB,ARIZONA ST,1,0,0,110,58.6,0,0,3,42.9,0.0,0,0,0.0,0,7,3,0,0,,0,0,0,0.0,,0,,0,2,0,0
Miki Suguturaga,100414,ED,UTAH,1,0,0,328,57.0,0,0,3,60.0,0.0,0,0,0.0,0,5,3,0,0,,0,0,0,0.0,,0,,0,1,0,0
Faatui Tuitele,100420,DI,WASHINGTON,1,1,0,340,61.1,0,0,18,100.0,0.0,0,0,0.0,0,18,18,0,0,58.2,0,0,3,100.0,0.0,0,0.0,0,3,3,0
Dovid Magna,100436,DI,UCLA,1,0,0,324,59.8,0,0,16,100.0,6.3,1,0,0.0,0,16,16,0,0,62.2,0,0,8,100.0,12.5,1,0.0,0,8,8,0
Stephon Wright,100437,DI,SMU,1,0,0,287,63.9,0,0,9,100.0,11.1,1,0,0.0,0,9,9,0,0,59.7,0,0,1,100.0,0.0,0,0.0,0,1,1,0
Tautala Pesefea Jr.,100438,DI,ARIZONA ST,1,0,0,110,52.8,0,0,52,100.0,0.0,0,0,0.0,0,55,55,0,0,53.4,0,0,25,100.0,0.0,0,0.0,0,27,27,0
Stanley Ta'ufo'ou,100444,DI,USC,1,0,0,326,60.0,0,1,21,100.0,4.8,1,0,2.4,0,23,23,1,0,64.9,0,1,5,100.0,20.0,1,10.0,0,5,5,1
De'Jon Benton,100445,DI,USC,1,0,0,326,59.1,0,1,12,100.0,8.3,1,0,4.2,0,14,14,1,0,61.6,0,1,6,100.0,16.7,1,8.3,0,7,7,1
Simon Sandberg,100446,DI,OREGON ST,1,0,0,265,58.7,0,1,22,100.0,4.5,1,0,2.3,0,25,25,1,0,56.3,0,0,7,100.0,0.0,0,0.0,0,8,8,0
James Rawls,100448,DI,OREGON ST,1,0,0,265,54.5,0,0,25,100.0,0.0,0,0,0.0,0,29,29,0,0,55.9,0,0,8,100.0,0.0,0,0.0,0,9,9,0
Kristian Williams,100451,DI,MISSOURI,1,0,0,229,56.3,0,0,12,100.0,0.0,0,0,0.0,0,12,12,0,0,57.9,0,0,3,100.0,0.0,0,0.0,0,3,3,0
Brandon Dorlus,100452,ED,OREGON,1,1,0,264,69.2,0,4,32,97.4,18.8,6,0,6.3,0,38,37,4,0,63.7,0,3,16,100.0,18.8,3,9.4,0,17,17,3
Jayden Simon,100454,DI,TULSA,1,0,0,320,56.7,0,0,4,100.0,0.0,0,0,0.0,0,4,4,0,0,,0,0,0,,,0,,0,0,0,0
Aeneas DiCosmo,100456,ED,STANFORD,1,0,0,300,55.7,0,0,6,100.0,0.0,0,0,0.0,0,8,8,0,0,59.4,0,0,1,100.0,0.0,0,0.0,0,1,1,0
Levani Damuni,100457,LB,STANFORD,1,0,0,300,70.5,0,1,3,15.4,33.3,1,0,16.7,0,26,4,1,0,64.0,0,1,3,27.3,33.3,1,16.7,0,11,3,1
Tristan Sinclair,100458,LB,STANFORD,1,0,0,300,65.8,0,0,3,19.0,33.3,1,0,33.3,1,21,4,1,0,67.2,0,0,3,23.1,33.3,1,33.3,1,13,3,1
Alphonzo Tuputala,100487,LB,WASHINGTON,1,0,0,340,60.7,0,0,8,29.6,12.5,1,0,0.0,0,27,8,0,0,64.5,0,0,1,16.7,100.0,1,0.0,0,6,1,0
John Ward,100505,ED,UTAH ST,1,0,0,329,55.8,0,0,5,100.0,0.0,0,0,0.0,0,6,6,0,0,57.3,0,0,3,100.0,0.0,0,0.0,0,3,3,0
Bralen Trice,100550,ED,WASHINGTON,1,0,0,340,69.0,0,2,19,80.0,10.5,2,0,5.3,0,25,20,2,0,64.1,0,1,4,66.7,25.0,1,12.5,0,6,4,1
Laiatu Latu,100551,ED,UCLA,1,0,0,324,80.1,1,4,29,96.9,37.9,11,0,12.1,1,32,31,6,0,86.8,1,4,14,100.0,64.3,9,17.9,0,14,14,5
Stephen Herron,100553,ED,STANFORD,1,0,1,300,53.6,0,0,24,96.6,4.2,1,1,0.0,0,29,28,0,0,55.5,0,0,15,94.1,6.7,1,0.0,0,17,16,0
Mase Funa,100554,ED,OREGON,1,0,0,264,63.8,1,2,15,69.2,20.0,3,0,10.0,0,26,18,3,0,58.5,1,1,7,72.7,28.6,2,14.3,0,11,8,2
Sitiveni Havili Kaufusi,100595,DI,UCLA,1,0,0,324,54.4,0,1,5,100.0,0.0,0,0,10.0,0,5,5,1,0,54.9,0,1,3,100.0,0.0,0,16.7,0,3,3,1
Jonathan McGill,100607,CB,STANFORD,1,0,0,300,68.3,0,0,2,9.7,0.0,0,0,50.0,1,31,3,1,0,74.3,0,0,1,5.0,0.0,0,100.0,1,20,1,1
Kain Medrano,100655,LB,UCLA,1,0,0,324,58.9,0,0,2,6.9,0.0,0,0,0.0,0,29,2,0,0,,0,0,0,0.0,,0,,0,15,0,0
Jalen Rudolph,100719,DI,UTEP,1,0,0,330,59.7,0,0,2,100.0,0.0,0,0,0.0,0,2,2,0,0,,0,0,0,,,0,,0,0,0,0
Grayson Murphy,100749,ED,UCLA,1,0,1,324,71.0,0,3,23,100.0,21.7,5,2,6.5,0,24,24,3,0,64.2,0,2,12,100.0,16.7,2,8.3,0,12,12,2
Trevor Harmanson,100753,LB,UTSA,1,0,0,331,62.9,1,0,5,15.0,0.0,0,0,10.0,0,40,6,1,0,56.9,1,0,2,18.2,0.0,0,25.0,0,11,2,1
Ty'Reke James,100853,S,UTEP,1,0,0,330,54.3,0,0,2,30.0,0.0,0,0,0.0,0,10,3,0,0,,0,0,0,,,0,,0,0,0,0
Sam Westfall,100914,CB,SMU,1,0,0,287,59.3,0,1,1,4.3,0.0,0,0,50.0,0,23,1,1,0,,0,0,0,0.0,,0,,0,4,0,0
Jayden Curry,100926,S,USF,1,0,0,327,56.2,0,0,2,10.7,0.0,0,0,0.0,0,28,3,0,0,,0,0,0,0.0,,0,,0,12,0,0
Joseph Anderson,100939,ED,TULSA,1,0,0,320,64.9,0,1,4,100.0,25.0,1,0,12.5,0,4,4,1,0,,0,0,0,,,0,,0,0,0,0
Hakeem Ajijolaiya,100942,DI,HOUSTON,1,0,0,182,60.0,0,0,1,100.0,0.0,0,0,0.0,0,1,1,0,0,,0,0,0,,,0,,0,0,0,0
Atlias Bell,100944,ED,HOUSTON,1,0,0,182,77.4,0,1,14,100.0,14.3,2,0,10.7,1,16,16,2,0,90.3,0,1,4,100.0,50.0,2,37.5,1,5,5,2
Wardalis Ducksworth,100946,DI,MEMPHIS,1,0,0,218,59.2,1,1,44,97.9,4.5,2,0,2.3,0,48,47,2,0,58.0,0,0,16,94.7,0.0,0,0.0,0,19,18,0
Tre'Mon Morris-Brash,100952,ED,UCF,1,0,0,323,70.3,0,4,38,75.5,5.3,2,1,7.9,1,53,40,5,0,80.6,0,2,18,90.5,11.1,2,11.1,1,21,19,3
Rick D'Abreu,100955,ED,E CAROLINA,1,0,0,156,62.7,1,1,9,100.0,11.1,1,0,11.1,0,9,9,2,0,58.2,0,0,2,100.0,0.0,0,0.0,0,2,2,0
Hozey Haji-Badri,100957,DI,W MICHIGAN,1,0,0,347,58.6,0,0,3,100.0,0.0,0,0,0.0,0,3,3,0,0,60.0,0,0,1,100.0,0.0,0,0.0,0,1,1,0
Dexter Manior,100959,DI,E MICHIGAN,1,0,0,160,56.8,0,0,3,100.0,0.0,0,0,0.0,0,5,5,0,0,57.1,0,0,3,100.0,0.0,0,0.0,0,4,4,0
Trent Shiraki,100992,LB,NAVY,1,0,0,237,59.2,1,0,1,100.0,0.0,0,0,50.0,0,1,1,1,0,59.2,1,0,1,100.0,0.0,0,50.0,0,1,1,1
Nicholas Straw,100994,ED,NAVY,1,0,0,237,61.4,1,0,10,39.3,10.0,1,0,5.0,0,28,11,1,0,59.7,0,0,1,33.3,0.0,0,0.0,0,3,1,0
Brian Holloway,101002,LB,TEXAS ST,1,0,0,314,52.9,0,1,7,46.7,0.0,0,0,7.1,0,15,7,1,0,,0,0,0,0.0,,0,,0,3,0,0
John Brand,101013,DI,NAVY,1,0,0,237,60.0,0,0,1,100.0,0.0,0,0,0.0,0,1,1,0,0,60.0,0,0,1,100.0,0.0,0,0.0,0,1,1,0
Ja'Quan Sheppard,101078,CB,CINCINNATI,1,0,0,138,59.1,0,0,1,4.3,0.0,0,0,0.0,0,23,1,0,0,59.1,0,0,1,50.0,0.0,0,0.0,0,2,1,0
Mannie Nunnery,101079,LB,HOUSTON,1,0,0,182,67.5,0,0,2,9.1,0.0,0,0,0.0,0,33,3,0,0,67.8,0,0,1,14.3,0.0,0,0.0,0,14,2,0
John Marshall,101082,S,NAVY,1,0,0,237,62.2,0,2,14,44.1,7.1,1,1,7.1,0,34,15,2,0,53.5,0,0,5,71.4,0.0,0,0.0,0,7,5,0
Isaiah Bagnah,101162,ED,BOISE ST,1,0,0,120,54.8,0,1,10,52.6,0.0,0,0,5.0,0,19,10,1,0,56.4,0,0,3,60.0,0.0,0,0.0,0,5,3,0
Michael Callahan,101165,DI,BOISE ST,1,0,0,120,57.6,0,0,3,100.0,0.0,0,0,0.0,0,3,3,0,0,57.6,0,0,3,100.0,0.0,0,0.0,0,3,3,0
AJ Vongphachanh,101172,LB,UTAH ST,1,0,0,329,58.5,0,0,2,12.5,0.0,0,0,0.0,0,16,2,0,0,,0,0,0,0.0,,0,,0,5,0,0
Wyatt Draeger,101173,DI,S DIEGO ST,1,0,0,284,59.4,0,0,1,100.0,0.0,0,0,0.0,0,1,1,0,0,59.4,0,0,1,100.0,0.0,0,0.0,0,1,1,0
Jonah Tavai,101174,DI,S DIEGO ST,1,0,1,284,67.1,2,3,28,96.6,14.3,4,1,8.9,0,29,28,5,0,63.8,1,1,11,91.7,18.2,2,9.1,0,12,11,2
Dylan Taylor,101175,ED,S DIEGO ST,1,0,0,284,54.7,0,1,4,100.0,25.0,1,0,12.5,0,4,4,1,0,55.5,0,1,2,100.0,50.0,1,25.0,0,2,2,1
Nassir Sims,101177,DI,S DIEGO ST,1,0,0,284,60.0,0,0,1,100.0,0.0,0,0,0.0,0,1,1,0,0,60.0,0,0,1,100.0,0.0,0,0.0,0,1,1,0
Eliel Ehimare,101182,DI,UNLV,1,0,0,325,52.4,0,2,19,100.0,5.3,1,0,5.3,0,21,21,2,0,56.1,0,1,7,100.0,14.3,1,7.1,0,7,7,1
Christopher Herrera,101186,ED,AIR FORCE,1,0,0,101,60.3,1,1,22,100.0,9.1,2,0,4.5,0,25,25,2,0,61.6,0,1,5,100.0,20.0,1,10.0,0,6,6,1
Justin Harris,101189,ED,NEW MEXICO,1,0,0,241,57.8,0,0,17,90.0,5.9,1,0,5.9,1,20,18,1,0,59.9,0,0,10,83.3,10.0,1,10.0,1,12,10,1
Garret Fountain,101214,ED,S DIEGO ST,1,0,0,284,54.7,0,0,13,86.7,0.0,0,0,0.0,0,15,13,0,0,55.4,0,0,7,87.5,0.0,0,0.0,0,8,7,0
Jacoby Windmon,101226,ED,MICH STATE,1,0,0,223,64.0,0,1,18,100.0,11.1,2,0,2.8,0,19,19,1,0,56.3,0,0,4,100.0,0.0,0,0.0,0,5,5,0
Kyle Beaudry,101227,LB,UNLV,1,0,0,325,54.6,0,0,4,12.9,0.0,0,0,0.0,0,31,4,0,0,58.9,0,0,1,11.1,0.0,0,0.0,0,9,1,0
Patrick McMorris,101309,S,S DIEGO ST,1,0,0,284,57.9,0,0,2,5.7,0.0,0,0,0.0,0,35,2,0,0,57.9,0,0,2,13.3,0.0,0,0.0,0,15,2,0
JL Skinner,101311,S,BOISE ST,1,0,0,120,59.5,0,0,1,3.3,0.0,0,0,0.0,0,30,1,0,0,59.5,0,0,1,12.5,0.0,0,0.0,0,8,1,0
B.J. Johnson,101321,S,S JOSE ST,1,0,0,285,59.6,0,1,1,20.0,0.0,0,0,50.0,0,5,1,1,0,59.6,0,1,1,50.0,0.0,0,50.0,0,2,1,1
Noah Potter,101405,ED,CINCINNATI,1,0,0,138,64.5,0,1,5,100.0,0.0,0,0,10.0,0,5,5,1,0,,0,0,0,,,0,,0,0,0,0
Gio Paez,101409,DI,WISCONSIN,1,0,0,349,56.9,0,0,16,100.0,0.0,0,1,0.0,0,16,16,0,0,57.2,0,0,5,100.0,0.0,0,0.0,0,5,5,0
Rodas Getachew-Johnson,101410,DI,WISCONSIN,1,0,0,349,57.8,1,0,38,100.0,5.3,2,1,1.3,0,38,38,1,0,53.3,1,0,14,100.0,0.0,0,3.6,0,14,14,1
Michael Fletcher,101411,ED,MICH STATE,1,0,0,223,66.9,0,0,4,100.0,25.0,1,0,0.0,0,4,4,0,0,59.8,0,0,1,100.0,0.0,0,0.0,0,1,1,0
Dontay Hunter II,101414,ED,OHIO,1,0,1,259,59.0,0,2,10,100.0,10.0,1,1,10.0,0,11,11,2,0,60.8,0,2,7,100.0,14.3,1,14.3,0,7,7,2
Sulaiman Kpaka,101415,DI,PURDUE,1,0,0,273,57.4,0,0,7,100.0,0.0,0,0,0.0,0,7,7,0,0,60.0,0,0,1,100.0,0.0,0,0.0,0,1,1,0
Logan Lee,101416,DI,IOWA,1,0,0,192,60.7,1,0,21,100.0,4.8,1,0,2.4,0,21,21,1,0,57.8,0,0,3,100.0,0.0,0,0.0,0,3,3,0
Mazi Smith,101419,DI,MICHIGAN,1,0,0,222,58.2,1,2,36,100.0,5.6,2,0,4.2,0,39,39,3,0,58.3,0,2,15,100.0,6.7,1,6.7,0,16,16,2
Mike Morris,101421,ED,MICHIGAN,1,0,0,222,83.7,2,5,27,100.0,37.0,10,0,16.7,1,28,28,8,0,86.3,2,4,13,100.0,53.8,7,30.8,1,13,13,7
MJ Anderson,101427,ED,IOWA STATE,1,0,0,193,58.4,0,2,13,100.0,15.4,2,0,7.7,0,13,13,2,0,55.9,0,1,4,100.0,0.0,0,12.5,0,4,4,1
Rashad Cheney Jr.,101430,DI,USF,1,0,0,327,78.9,0,2,15,100.0,20.0,3,0,6.7,0,16,16,2,0,80.7,0,2,8,100.0,25.0,2,12.5,0,9,9,2
Beau Robbins,101434,ED,INDIANA,1,0,0,190,55.9,0,0,7,100.0,0.0,0,0,0.0,0,7,7,0,0,57.7,0,0,3,100.0,0.0,0,0.0,0,3,3,0
Sio Nofoagatoto'a,101435,DI,INDIANA,1,0,0,190,56.4,0,0,15,100.0,0.0,0,0,0.0,0,15,15,0,0,56.8,0,0,6,100.0,0.0,0,0.0,0,6,6,0
Jeramy Passmore,101439,DI,FIU,1,0,0,166,47.6,0,1,14,100.0,0.0,0,0,3.6,0,16,16,1,0,56.8,0,0,4,100.0,0.0,0,0.0,0,4,4,0
Demarcus Elliott,101440,DI,INDIANA,1,0,0,190,56.1,0,0,18,100.0,0.0,0,0,0.0,0,18,18,0,0,57.2,0,0,4,100.0,0.0,0,0.0,0,4,4,0
Ty Robinson,101446,DI,NEBRASKA,1,0,0,238,75.9,1,2,21,100.0,14.3,3,0,7.1,0,22,22,3,0,70.4,0,2,11,100.0,18.2,2,9.1,0,12,12,2
Jaden McKenzie,101453,DI,OHIO STATE,1,0,0,260,57.2,0,0,6,100.0,0.0,0,0,0.0,0,6,6,0,0,58.1,0,0,2,100.0,0.0,0,0.0,0,2,2,0
Maverick Hansen,101457,DI,MICH STATE,1,0,0,223,60.9,0,0,16,100.0,6.3,1,0,0.0,0,17,17,0,0,64.2,0,0,5,100.0,20.0,1,0.0,0,6,6,0
Tatum Grass,101462,LB,WISCONSIN,1,0,0,349,47.7,1,1,4,14.8,0.0,0,0,25.0,0,27,4,2,0,59.4,1,0,1,12.5,0.0,0,50.0,0,8,1,1
Maema Njongmeta,101465,LB,WISCONSIN,1,0,0,349,66.0,1,1,13,48.1,15.4,2,0,7.7,0,27,13,2,0,75.3,1,1,6,46.2,33.3,2,16.7,0,13,6,2
Nick Henrich,101466,LB,NEBRASKA,1,0,0,238,55.2,0,0,4,12.5,0.0,0,0,0.0,0,32,4,0,0,56.0,0,0,3,20.0,0.0,0,0.0,0,15,3,0
Luke Reimer,101469,LB,NEBRASKA,1,0,0,238,56.6,0,1,2,10.0,0.0,0,0,25.0,0,20,2,1,0,59.4,0,0,1,12.5,0.0,0,0.0,0,8,1,0
Craig Young,101487,CB,KANSAS,1,0,0,198,60.0,0,0,1,2.9,0.0,0,0,0.0,0,34,1,0,0,,0,0,0,0.0,,0,,0,10,0,0
Tommy Eichenberg,101488,LB,OHIO STATE,1,0,0,260,90.3,0,2,5,16.7,20.0,1,0,40.0,1,30,5,3,0,72.4,0,0,1,9.1,0.0,0,100.0,1,11,1,1
DJ Gordon IV,101503,LB,USF,1,0,0,327,59.7,0,0,1,4.3,0.0,0,0,0.0,0,23,1,0,0,,0,0,0,0.0,,0,,0,11,0,0
Jeslord Boateng,101508,LB,AKRON,1,0,0,102,55.1,0,0,3,17.6,0.0,0,0,0.0,0,17,3,0,0,56.8,0,0,2,40.0,0.0,0,0.0,0,5,2,0
Jack Campbell,101515,LB,IOWA,1,0,0,192,61.9,0,1,4,14.7,0.0,0,0,12.5,0,34,5,1,0,64.0,0,1,2,37.5,0.0,0,25.0,0,8,3,1
Khali Saunders,101518,LB,KENT STATE,1,0,0,201,57.0,0,2,2,11.8,50.0,1,0,50.0,0,17,2,2,0,59.5,0,0,1,100.0,0.0,0,0.0,0,1,1,0
Keeanu Benton,101536,DI,WISCONSIN,1,0,0,349,89.3,3,0,15,100.0,20.0,3,0,10.0,0,15,15,3,0,77.2,1,0,6,100.0,33.3,2,8.3,0,6,6,1
Garrett Nelson,101604,ED,NEBRASKA,1,0,0,238,75.6,2,1,20,75.0,20.0,4,1,17.5,2,28,21,5,0,70.2,1,0,10,84.6,10.0,1,25.0,2,13,11,3
Brandon Wright,101650,ED,MICH STATE,1,0,0,223,68.2,0,2,14,93.8,21.4,3,1,7.1,0,16,15,2,0,67.0,0,1,8,100.0,25.0,2,6.3,0,9,9,1
Cormontae Hamilton,101674,ED,MEMPHIS,1,0,0,218,62.2,2,3,41,97.7,7.3,3,0,8.5,1,44,43,6,0,60.2,1,1,15,100.0,6.7,1,6.7,0,16,16,2
Bryce Barnes,101678,DI,ILLINOIS,1,0,0,187,65.6,0,0,7,100.0,14.3,1,0,0.0,0,7,7,0,0,68.5,0,0,2,100.0,50.0,1,0.0,0,2,2,0
Quinn Schulte,101737,S,IOWA,1,0,0,192,60.0,0,0,1,2.9,0.0,0,0,0.0,0,34,1,0,0,,0,0,0,0.0,,0,,0,8,0,0
Jared Verse,101912,ED,FLORIDA ST,1,0,0,167,60.9,0,1,13,100.0,7.7,1,0,3.8,0,16,16,1,0,63.3,0,1,8,100.0,12.5,1,6.3,0,11,11,1
Jalen Green,101992,ED,JAMES MAD,1,0,0,197,73.2,1,3,17,81.0,29.4,5,0,17.6,1,21,17,5,0,78.3,1,3,10,83.3,50.0,5,30.0,1,12,10,5
James Carpenter,101993,DI,JAMES MAD,1,1,0,197,81.3,2,3,33,100.0,18.2,6,0,10.6,1,33,33,6,1,80.6,2,1,17,100.0,17.6,3,8.8,0,17,17,3
Christian Teague,102010,ED,MARYLAND,1,0,0,215,56.4,0,0,5,100.0,0.0,0,0,0.0,0,6,6,0,0,58.2,0,0,2,100.0,0.0,0,0.0,0,2,2,0
Taurus Jones,102148,LB,JAMES MAD,1,0,0,197,69.5,1,0,7,23.3,0.0,0,0,21.4,1,30,7,2,0,63.4,1,0,5,33.3,0.0,0,10.0,0,15,5,1
Brandon Benson,102456,S,E MICHIGAN,1,0,0,160,58.2,0,0,2,20.0,0.0,0,0,0.0,0,10,2,0,0,59.5,0,0,1,16.7,0.0,0,0.0,0,6,1,0
Tra Fluellen,102462,S,MIDDLE TN,1,0,0,224,58.6,0,0,1,3.6,0.0,0,0,0.0,0,28,1,0,0,,0,0,0,0.0,,0,,0,8,0,0
O'shai Fletcher,102648,CB,TROY,1,0,0,318,60.0,0,0,1,4.2,0.0,0,0,0.0,0,24,1,0,0,,0,0,0,0.0,,0,,0,7,0,0
Fabrice Voyne,102669,ED,ARMY,1,0,0,114,60.0,0,0,3,33.3,0.0,0,0,0.0,0,9,3,0,0,,0,0,0,,,0,,0,0,0,0
K.J. Wallace,102686,CB,GA TECH,1,0,0,176,54.0,0,0,4,7.3,0.0,0,1,0.0,0,55,4,0,0,55.4,0,0,2,5.7,0.0,0,0.0,0,35,2,0
Darius Richardson,102716,DI,ARMY,1,0,0,114,57.2,0,0,12,100.0,0.0,0,0,0.0,0,12,12,0,0,59.0,0,0,2,100.0,0.0,0,0.0,0,2,2,0
Tyler Komorowski,102717,DI,ARMY,1,0,0,114,57.9,0,0,7,100.0,0.0,0,0,0.0,0,7,7,0,0,59.1,0,0,2,100.0,0.0,0,0.0,0,2,2,0
Chris Frey,102720,DI,ARMY,1,0,0,114,60.4,0,0,12,100.0,0.0,0,0,0.0,0,12,12,0,0,57.6,0,0,3,100.0,0.0,0,0.0,0,3,3,0
Nana Osafo-Mensah,102725,ED,NOTRE DAME,1,0,0,258,57.5,0,0,4,100.0,0.0,0,0,0.0,0,4,4,0,0,57.7,0,0,2,100.0,0.0,0,0.0,0,2,2,0
Isaiah Foskey,102728,ED,NOTRE DAME,1,0,0,258,67.9,0,2,13,92.9,23.1,3,0,7.7,0,14,13,2,0,68.5,0,1,6,85.7,33.3,2,8.3,0,7,6,1
Andre Carter II,102780,ED,ARMY,1,0,0,114,72.9,0,2,10,43.5,30.0,3,0,10.0,0,23,10,2,0,69.6,0,1,5,83.3,40.0,2,10.0,0,6,5,1
Nathaniel Smith,102783,ED,ARMY,1,0,0,114,56.3,0,0,13,100.0,0.0,0,0,0.0,0,13,13,0,0,58.2,0,0,2,100.0,0.0,0,0.0,0,2,2,0
JD Bertrand,102787,LB,NOTRE DAME,1,0,0,258,67.3,0,0,3,30.0,33.3,1,0,0.0,0,10,3,0,0,67.8,0,0,2,66.7,50.0,1,0.0,0,3,2,0
Marist Liufau,102789,LB,NOTRE DAME,1,0,0,258,61.5,0,1,8,53.3,12.5,1,0,6.3,0,15,8,1,0,55.0,0,0,5,71.4,0.0,0,0.0,0,7,5,0
KeSean Brown,102847,LB,APP STATE,1,0,0,108,64.1,0,0,4,17.6,25.0,1,0,0.0,0,34,6,0,0,57.9,0,0,0,25.0,,0,,0,8,2,0
Jamil Muhammad,102860,ED,GA STATE,1,0,0,175,63.5,1,0,17,60.0,5.9,1,0,2.9,0,30,18,1,0,55.9,0,0,5,100.0,0.0,0,0.0,0,5,5,0
Tanner Davis,102905,LB,UMASS,1,0,0,216,57.0,0,1,7,33.3,0.0,0,0,7.1,0,21,7,1,0,58.2,0,1,2,28.6,0.0,0,25.0,0,7,2,1
Willie Roberts,103567,CB,LA TECH,1,0,0,208,55.3,0,0,2,4.3,0.0,0,2,0.0,0,46,2,0,0,55.3,0,0,2,6.1,0.0,0,0.0,0,33,2,0
Jordan Gandy,103605,CB,N ILLINOIS,1,0,0,254,53.0,0,1,2,7.7,0.0,0,0,25.0,0,26,2,1,0,55.4,0,1,1,20.0,0.0,0,50.0,0,5,1,1
Josh Sarratt,103624,S,JAMES MAD,1,0,0,197,57.2,0,1,3,14.3,0.0,0,0,16.7,0,21,3,1,0,57.3,0,1,2,18.2,0.0,0,25.0,0,11,2,1
Ethan Drewes,103648,DI,WYOMING,1,0,0,351,57.0,0,0,4,100.0,0.0,0,0,0.0,0,4,4,0,0,57.0,0,0,4,100.0,0.0,0,0.0,0,4,4,0
Isaiah Iton,103716,ED,OLE MISS,1,0,0,226,57.3,0,0,9,100.0,0.0,0,0,0.0,0,10,10,0,0,58.8,0,0,2,100.0,0.0,0,0.0,0,2,2,0
William Green,104145,DI,NEVADA,1,0,0,239,59.0,0,0,2,100.0,0.0,0,0,0.0,0,2,2,0,0,60.0,0,0,1,100.0,0.0,0,0.0,0,1,1,0
Kei'Trel Clark,104163,CB,LOUISVILLE,1,0,0,210,57.8,0,0,1,2.3,0.0,0,0,0.0,0,44,1,0,0,,0,0,0,0.0,,0,,0,18,0,0
Jacques Bristol,104185,DI,C MICHIGAN,1,0,0,134,64.0,1,0,16,100.0,6.3,1,0,3.1,0,16,16,1,0,66.3,1,0,9,100.0,11.1,1,5.6,0,9,9,1
Jamykal Neal,104215,DI,HOUSTON,1,0,0,182,64.2,0,1,8,100.0,12.5,1,0,6.3,0,9,9,1,0,66.9,0,1,2,100.0,50.0,1,25.0,0,2,2,1
Justin Whiteside,104220,LB,C MICHIGAN,1,0,0,134,81.0,1,0,4,16.7,75.0,3,0,12.5,0,24,4,1,0,74.2,1,0,3,23.1,66.7,2,16.7,0,13,3,1
Jason Johnson,104514,LB,UCF,1,0,0,323,53.5,0,2,4,9.4,0.0,0,0,25.0,0,53,5,2,0,56.3,0,1,1,9.1,0.0,0,50.0,0,22,2,1
Prince James Boyd Jr.,105243,DI,PURDUE,1,0,0,273,57.8,0,0,3,100.0,0.0,0,0,0.0,0,4,4,0,0,60.0,0,0,0,100.0,,0,,0,1,1,0
Tylar Wiltz,105309,LB,PITTSBURGH,1,0,0,268,65.8,0,1,2,6.9,50.0,1,1,25.0,0,29,2,1,0,64.5,0,1,1,12.5,100.0,1,50.0,0,8,1,1
Trimarcus Cheeks,105332,LB,HOUSTON,1,0,0,182,59.6,0,0,1,25.0,0.0,0,0,0.0,0,4,1,0,0,59.6,0,0,1,50.0,0.0,0,0.0,0,2,1,0
Josh Ahern,105796,LB,VIRGINIA,1,0,0,335,55.7,0,0,4,30.8,0.0,0,0,0.0,0,13,4,0,0,,0,0,0,0.0,,0,,0,6,0,0
Jordan White,105922,S,N ILLINOIS,1,0,0,254,57.8,0,0,2,8.7,0.0,0,0,0.0,0,23,2,0,0,,0,0,0,0.0,,0,,0,4,0,0
Dorian Jackson,106202,CB,W MICHIGAN,1,0,0,347,65.5,0,1,3,13.6,33.3,1,0,16.7,0,22,3,1,0,63.7,0,1,1,11.1,100.0,1,50.0,0,9,1,1
DJ Coleman,106310,ED,MISSOURI,1,0,0,229,80.7,0,0,4,50.0,25.0,1,0,25.0,1,8,4,1,0,87.4,0,0,1,33.3,100.0,1,100.0,1,3,1,1
Jelani Stafford,106431,DI,UCONN,1,0,0,146,69.0,1,1,20,100.0,15.0,3,0,5.0,0,20,20,2,0,58.2,0,0,3,100.0,0.0,0,0.0,0,3,3,0
Paul Akere,106482,ED,VIRGINIA,1,0,0,335,54.9,0,1,12,100.0,0.0,0,0,4.2,0,13,13,1,0,56.0,0,0,4,100.0,0.0,0,0.0,0,5,5,0
Chris Smith,106524,DI,NOTRE DAME,1,0,0,258,63.6,0,0,10,100.0,10.0,1,0,0.0,0,10,10,0,0,66.9,0,0,4,100.0,25.0,1,0.0,0,4,4,0
Jacob Sykes,106528,DI,UCLA,1,0,0,324,74.7,0,2,13,100.0,23.1,3,0,15.4,1,14,14,3,0,79.0,0,2,6,100.0,50.0,3,16.7,0,6,6,2
Cam Dillon,108192,LB,DUKE,1,1,0,154,60.0,0,0,1,4.3,0.0,0,0,0.0,0,23,1,0,0,,0,0,0,0.0,,0,,0,6,0,0
Jalen Mackie,108209,LB,UMASS,1,0,0,216,66.8,0,0,5,22.7,0.0,0,1,20.0,1,22,5,1,0,59.2,0,0,1,12.5,0.0,0,0.0,0,8,1,0
Kobe Hylton,109237,S,UTEP,1,0,0,330,59.3,0,0,3,9.7,0.0,0,1,0.0,0,31,3,0,0,,0,0,0,0.0,,0,,0,6,0,0
Kristin Booth,121448,ED,SO MISS,1,0,0,296,56.0,1,0,19,100.0,0.0,0,0,2.6,0,23,23,1,0,54.2,0,0,8,100.0,0.0,0,0.0,0,9,9,0
Natrone Brooks,121449,CB,SO MISS,1,0,0,296,65.9,0,0,2,7.1,50.0,1,0,0.0,0,28,2,0,0,,0,0,0,0.0,,0,,0,12,0,0
Averie Habas,121458,ED,SO MISS,1,0,0,296,59.2,0,0,12,86.7,8.3,1,0,0.0,0,15,13,0,0,56.8,0,0,3,75.0,0.0,0,0.0,0,4,3,0
Dominic Quewon,121469,ED,SO MISS,1,0,0,296,78.9,0,2,12,81.3,41.7,5,0,33.3,3,16,13,5,0,74.0,0,1,9,100.0,33.3,3,38.9,3,10,10,4
Josh Ratcliff,121471,DI,SO MISS,1,0,0,296,73.1,0,3,13,100.0,15.4,2,0,19.2,1,16,16,4,0,75.2,0,3,7,100.0,28.6,2,35.7,1,7,7,4
Isaiah Forte,121489,DI,UAB,1,0,0,321,57.0,0,1,20,100.0,0.0,0,0,2.5,0,20,20,1,0,60.0,0,0,1,100.0,0.0,0,0.0,0,1,1,0
Kelle Sanders,121501,ED,UAB,1,0,0,321,70.1,0,2,21,100.0,19.0,4,0,4.8,0,22,22,2,0,,0,0,0,,,0,,0,0,0,0
CJ Harris,121524,LB,KENT STATE,1,0,0,201,60.0,0,0,1,6.3,0.0,0,0,0.0,0,16,1,0,0,,0,0,0,0.0,,0,,0,2,0,0
Jimmy Ciarlo,121563,ED,ARMY,1,0,0,114,64.8,0,3,12,37.5,8.3,1,0,12.5,0,32,12,3,0,58.2,0,0,2,33.3,0.0,0,0.0,0,6,2,0
Jordan Funk,121570,DI,JAMES MAD,1,0,0,197,58.3,0,0,2,100.0,0.0,0,0,0.0,0,2,2,0,0,60.0,0,0,1,100.0,0.0,0,0.0,0,1,1,0
Austin Hill,121576,ED,ARMY,1,0,0,114,55.0,0,0,13,100.0,0.0,0,0,0.0,0,13,13,0,0,56.5,0,0,4,100.0,0.0,0,0.0,0,4,4,0
Cameron Jones,121581,CB,ARMY,1,0,0,114,53.4,0,0,2,8.3,0.0,0,0,0.0,0,24,2,0,0,,0,0,0,0.0,,0,,0,6,0,0
Leo Lowin,121586,LB,ARMY,1,0,0,114,59.5,0,0,1,3.1,0.0,0,0,0.0,0,32,1,0,0,59.5,0,0,1,16.7,0.0,0,0.0,0,6,1,0
JoJo Evans Jr.,121728,S,KENT STATE,1,0,0,201,58.6,0,0,2,11.1,0.0,0,0,0.0,0,18,2,0,0,,0,0,0,0.0,,0,,0,2,0,0
Cam'Ron Jackson,121769,DI,MEMPHIS,1,0,0,218,54.7,0,2,40,100.0,2.5,1,1,2.5,0,43,43,2,0,54.9,0,0,14,100.0,0.0,0,0.0,0,16,16,0
Meonta Kimbrough,121772,DI,MEMPHIS,1,0,0,218,55.2,0,0,14,100.0,0.0,0,0,0.0,0,14,14,0,0,56.0,0,0,9,100.0,0.0,0,0.0,0,9,9,0
Sylvonta Oliver,121782,CB,MEMPHIS,1,0,0,218,58.1,1,0,1,1.5,0.0,0,0,50.0,0,65,1,1,0,58.1,1,0,1,3.4,0.0,0,50.0,0,29,1,1
Devyn Curtis,121800,LB,MIDDLE TN,1,0,0,224,56.2,0,0,3,25.0,0.0,0,0,0.0,0,12,3,0,0,59.5,0,0,1,33.3,0.0,0,0.0,0,3,1,0
Drew Francis,121804,LB,MIDDLE TN,1,0,0,224,58.6,0,0,2,14.3,0.0,0,0,0.0,0,14,2,0,0,59.2,0,0,1,25.0,0.0,0,0.0,0,4,1,0
Ralph Mency,121814,ED,MIDDLE TN,1,0,0,224,60.0,0,0,1,100.0,0.0,0,0,0.0,0,1,1,0,0,,0,0,0,,,0,,0,0,0,0
Donald Berniard Jr.,121832,DI,NAVY,1,0,0,237,54.5,0,0,30,93.9,0.0,0,0,0.0,0,33,31,0,0,56.9,0,0,6,100.0,0.0,0,0.0,0,6,6,0
Jacob Busic,121837,ED,NAVY,1,0,0,237,55.2,0,0,28,100.0,3.6,1,0,0.0,0,28,28,0,0,55.8,0,0,5,100.0,0.0,0,0.0,0,5,5,0
Clay Cromwell,121840,DI,NAVY,1,0,0,237,58.9,1,0,25,92.6,4.0,1,1,6.0,1,27,25,2,0,66.8,1,0,4,100.0,25.0,1,12.5,0,4,4,1
Will Harbour,121848,LB,NAVY,1,0,0,237,90.3,3,0,6,31.6,16.7,1,0,41.7,1,19,6,4,0,87.3,2,0,3,75.0,33.3,1,33.3,0,4,3,2
Johnny Hodges,121850,LB,TCU,1,0,0,305,46.2,0,1,4,15.4,0.0,0,0,12.5,0,26,4,1,0,46.6,0,1,3,75.0,0.0,0,16.7,0,4,3,1
Junior Aho,121912,DI,SMU,1,0,0,287,64.4,0,2,14,100.0,14.3,2,0,7.1,0,15,15,2,0,59.7,0,0,1,100.0,0.0,0,0.0,0,1,1,0
DeVere Levelston,121933,DI,SMU,1,0,0,287,53.1,0,1,25,100.0,0.0,0,0,2.0,0,27,27,1,0,55.9,0,0,5,100.0,0.0,0,0.0,0,5,5,0
Bryan Massey,121936,S,SMU,1,0,0,287,59.5,0,2,2,9.1,0.0,0,0,50.0,0,22,2,2,0,,0,0,0,0.0,,0,,0,6,0,0
Tyrice Knight,122025,LB,UTEP,1,1,0,330,67.4,1,0,7,25.8,14.3,1,0,7.1,0,31,8,1,0,56.8,0,0,3,50.0,0.0,0,0.0,0,6,3,0
Kelton Moss,122032,DI,UTEP,1,0,0,330,56.2,0,0,21,100.0,0.0,0,1,0.0,0,22,22,0,0,57.2,0,0,5,100.0,0.0,0,0.0,0,5,5,0
Keenan Stewart,122039,DI,UTEP,1,0,0,330,92.0,3,2,25,100.0,28.0,7,0,10.0,0,27,27,5,0,66.1,1,1,5,100.0,20.0,1,20.0,0,5,5,2
Jadrian Taylor,122041,ED,UTEP,1,0,0,330,63.6,0,2,16,90.0,6.3,1,0,12.5,1,20,18,3,0,58.5,0,0,2,100.0,0.0,0,0.0,0,2,2,0
Gary Theard,122043,LB,UTEP,1,0,0,330,56.8,0,0,2,33.3,0.0,0,0,0.0,0,9,3,0,0,,0,0,0,,,0,,0,0,0,0
Sione Tonga'uiha,122044,DI,UTEP,1,0,0,330,59.7,0,0,2,100.0,0.0,0,0,0.0,0,2,2,0,0,60.0,0,0,1,100.0,0.0,0,0.0,0,1,1,0
Caleb Fox,122095,ED,TCU,1,0,0,305,63.8,0,1,16,100.0,12.5,2,0,3.1,0,16,16,1,0,70.9,0,1,5,100.0,40.0,2,10.0,0,5,5,1
DeMonte Capehart,122144,DI,CLEMSON,1,0,0,140,65.4,0,1,4,100.0,25.0,1,0,12.5,0,4,4,1,0,66.5,0,1,2,100.0,50.0,1,25.0,0,2,2,1
Myles Murphy,122154,ED,CLEMSON,1,1,0,140,58.8,1,2,29,96.7,6.9,2,0,5.2,0,30,29,3,1,59.6,1,1,14,100.0,7.1,1,7.1,0,14,14,2
Trenton Simpson,122157,LB,CLEMSON,1,0,0,140,57.2,0,4,10,27.8,0.0,0,0,20.0,0,36,10,4,0,59.6,0,4,6,33.3,0.0,0,33.3,0,18,6,4
Kevin Swint,122158,ED,CLEMSON,1,0,0,140,54.4,0,1,11,91.7,0.0,0,0,4.5,0,12,11,1,0,56.4,0,0,5,83.3,0.0,0,0.0,0,6,5,0
Tre Williams,122165,DI,CLEMSON,1,0,0,140,63.8,0,1,15,100.0,13.3,2,0,10.0,1,15,15,2,0,55.9,0,1,7,100.0,0.0,0,7.1,0,7,7,1
Corey Flagg,122212,LB,MIAMI FL,1,0,0,220,68.1,0,0,3,9.4,0.0,0,0,33.3,1,32,3,1,0,70.2,0,0,2,22.2,0.0,0,50.0,1,9,2,1
Elijah Roberts,122222,ED,MIAMI FL,1,0,0,220,56.9,0,0,4,100.0,0.0,0,0,0.0,0,4,4,0,0,59.7,0,0,1,100.0,0.0,0,0.0,0,1,1,0
DeAndre Dingle-Prince,122237,DI,APP STATE,1,0,0,108,53.0,1,0,28,100.0,0.0,0,0,1.8,0,32,32,1,0,55.1,1,0,5,100.0,0.0,0,10.0,0,7,7,1
Kevon Haigler,122240,ED,APP STATE,1,0,0,108,56.3,0,0,6,100.0,0.0,0,1,0.0,0,8,8,0,0,59.5,0,0,0,100.0,,0,,0,1,1,0
Jalen McLeod,122248,ED,APP STATE,1,0,0,108,52.4,0,0,14,71.4,0.0,0,0,0.0,0,21,15,0,0,53.6,0,0,8,100.0,0.0,0,0.0,0,9,9,0
Stephen Passeggiata,122250,DI,APP STATE,1,0,0,108,58.2,0,0,2,100.0,0.0,0,0,0.0,0,2,2,0,0,59.9,0,0,1,100.0,0.0,0,0.0,0,1,1,0
Aaron Diggs,122331,LB,COAST CAR,1,0,0,141,66.5,0,1,5,17.2,0.0,0,1,30.0,1,29,5,2,0,57.7,0,0,2,50.0,0.0,0,0.0,0,4,2,0
Travis Geiger Jr.,122334,DI,COAST CAR,1,0,0,141,58.3,0,0,5,100.0,0.0,0,0,0.0,0,5,5,0,0,60.0,0,0,1,100.0,0.0,0,0.0,0,1,1,0
Braylon Ryan,122354,ED,COAST CAR,1,0,0,141,59.6,0,1,16,100.0,6.3,1,0,3.1,0,17,17,1,0,56.7,0,0,3,100.0,0.0,0,0.0,0,3,3,0
Dorian Mausi,122378,LB,DUKE,1,0,0,154,66.1,1,0,2,16.7,0.0,0,0,25.0,0,12,2,1,0,,0,0,0,0.0,,0,,0,4,0,0
Aeneas Peebles,122379,DI,DUKE,1,0,0,154,56.4,0,0,13,100.0,0.0,0,0,0.0,0,15,15,0,0,57.6,0,0,2,100.0,0.0,0,0.0,0,3,3,0
Michael Reese,122383,ED,DUKE,1,0,0,154,58.4,0,1,20,95.2,5.0,1,0,2.5,0,21,20,1,0,62.4,0,1,5,83.3,20.0,1,10.0,0,6,5,1
Ryan Smith,122387,ED,DUKE,1,0,0,154,54.6,0,1,5,83.3,20.0,1,0,10.0,0,6,5,1,0,46.5,0,1,1,50.0,0.0,0,50.0,0,2,1,1
Gary Smith III,122388,DI,UCLA,1,0,0,324,65.4,0,1,14,100.0,14.3,2,0,3.6,0,14,14,1,0,69.9,0,1,7,100.0,28.6,2,7.1,0,7,7,1
Jaylen Stinson,122389,S,DUKE,1,0,0,154,65.4,1,0,1,2.5,100.0,1,0,50.0,0,40,1,1,0,65.4,1,0,1,8.3,100.0,1,50.0,0,12,1,1
DJ Lundy,122405,LB,FLORIDA ST,1,0,0,167,58.0,0,0,2,33.3,0.0,0,0,0.0,0,6,2,0,0,,0,0,0,0.0,,0,,0,3,0,0
Trevon Locke,122449,DI,GA SOUTHRN,1,0,0,174,56.7,0,0,12,100.0,0.0,0,0,0.0,0,12,12,0,0,58.7,0,0,2,100.0,0.0,0,0.0,0,2,2,0
Marques Watson-Trent,122461,LB,GA SOUTHRN,1,0,0,174,46.5,0,1,2,5.4,0.0,0,0,25.0,0,37,2,1,0,57.1,0,0,2,20.0,0.0,0,0.0,0,10,2,0
Jared Ivey,122480,ED,OLE MISS,1,0,1,226,68.4,1,0,18,100.0,27.8,5,1,2.8,0,21,21,1,0,76.0,1,0,9,100.0,55.6,5,5.6,0,10,10,1
Emmanuel Johnson,122481,ED,COAST CAR,1,0,0,141,57.9,0,1,5,100.0,0.0,0,0,10.0,0,5,5,1,0,59.8,0,0,1,100.0,0.0,0,0.0,0,1,1,0
Kyle Kennard,122483,ED,GA TECH,1,0,0,176,64.6,0,2,26,88.6,11.5,3,1,7.7,1,35,31,3,0,62.7,0,2,15,94.7,13.3,2,6.7,0,19,18,2
Akelo Stone,122499,DI,GA TECH,1,0,0,176,57.8,0,0,15,100.0,6.7,1,0,0.0,0,19,19,0,0,54.6,0,0,8,100.0,0.0,0,0.0,0,10,10,0
Latrell Bankston,122506,DI,HOUSTON,1,0,0,182,80.6,0,4,20,100.0,40.0,8,1,10.0,0,22,22,4,0,78.1,0,2,11,100.0,45.5,5,9.1,0,12,12,2
J.R. Singleton,122533,ED,IOWA STATE,1,0,0,193,65.8,0,2,11,100.0,18.2,2,0,9.1,0,12,12,2,0,59.4,0,0,1,100.0,0.0,0,0.0,0,1,1,0
T.J. Tampa,122537,CB,IOWA STATE,1,0,0,193,57.2,0,0,1,5.3,0.0,0,1,0.0,0,19,1,0,0,,0,0,0,0.0,,0,,0,3,0,0
Taiwan Berryhill Jr.,122547,LB,KANSAS,1,0,0,198,52.2,0,0,6,20.0,0.0,0,0,0.0,0,30,6,0,0,52.2,0,0,6,46.2,0.0,0,0.0,0,13,6,0
Jereme Robinson,122576,ED,KANSAS,1,0,0,198,51.4,0,2,16,88.9,0.0,0,0,6.3,0,18,16,2,0,54.9,0,0,7,77.8,0.0,0,0.0,0,9,7,0
Caleb Taylor,122580,DI,KANSAS,1,0,0,198,58.3,0,0,4,100.0,0.0,0,0,0.0,0,4,4,0,0,,0,0,0,,,0,,0,0,0,0
Felix Anudike-Uzomah,122582,ED,KANSAS ST,1,0,0,199,67.1,1,3,29,100.0,17.2,5,0,10.3,1,29,29,5,0,71.1,1,1,5,100.0,40.0,2,20.0,0,5,5,2
Robert Hentz II,122597,DI,KANSAS ST,1,0,0,199,56.3,0,0,11,100.0,0.0,0,0,0.0,0,11,11,0,0,58.4,0,0,3,100.0,0.0,0,0.0,0,3,3,0
Nate Matlack,122605,ED,KANSAS ST,1,0,0,199,56.9,0,0,7,100.0,0.0,0,0,0.0,0,7,7,0,0,,0,0,0,,,0,,0,0,0,0
Cody Stufflebean,122619,ED,KANSAS ST,1,0,0,199,57.0,0,0,4,100.0,0.0,0,0,0.0,0,4,4,0,0,59.5,0,0,1,100.0,0.0,0,0.0,0,1,1,0
Tyrone Taleni,122621,DI,USC,1,0,0,326,61.6,0,2,25,100.0,8.0,2,0,4.0,0,27,27,2,0,62.5,0,2,7,100.0,14.3,1,14.3,0,8,8,2
Dominique Ratcliff,122655,DI,TEXAS ST,1,0,0,314,61.9,0,0,10,100.0,10.0,1,0,10.0,1,10,10,1,0,57.7,0,0,3,100.0,0.0,0,0.0,0,3,3,0
Ben Bell,122665,ED,TEXAS ST,1,0,0,314,67.6,0,1,12,57.1,33.3,4,0,4.2,0,21,12,1,0,61.4,0,1,5,55.6,40.0,2,10.0,0,9,5,1
Kershawn Fisher,122670,ED,LA TECH,1,0,0,208,56.4,1,1,31,91.4,3.2,1,0,3.2,0,35,32,2,0,58.2,1,0,20,87.5,5.0,1,2.5,0,24,21,1
Tyler Grubbs,122674,LB,LA TECH,1,0,0,208,59.9,0,0,0,12.5,,0,0,,0,8,1,0,0,59.9,0,0,0,33.3,,0,,0,3,1,0
Joseph Mason,122684,ED,LA TECH,1,0,0,208,57.2,0,0,17,82.6,5.9,1,0,0.0,0,23,19,0,0,57.8,0,0,12,100.0,8.3,1,0.0,0,13,13,0
Keveion'ta Spears,122687,DI,LA TECH,1,0,0,208,60.5,0,1,14,100.0,7.1,1,0,3.6,0,14,14,1,0,55.6,0,0,9,100.0,0.0,0,0.0,0,9,9,0
K.J. Cloyd,122699,LB,LOUISVILLE,1,0,0,210,68.4,0,0,4,44.4,25.0,1,0,0.0,0,9,4,0,0,58.0,0,0,2,100.0,0.0,0,0.0,0,2,2,0
Jared Dawson,122703,DI,LOUISVILLE,1,0,0,210,65.8,0,2,18,100.0,0.0,0,0,11.1,1,18,18,3,0,56.9,0,1,7,100.0,0.0,0,7.1,0,7,7,1
Yaya Diaby,122705,ED,LOUISVILLE,1,0,0,210,78.1,0,3,23,100.0,26.1,6,0,10.9,1,24,24,4,0,79.6,0,3,11,100.0,36.4,4,22.7,1,12,12,4
Mason Reiger,122721,ED,LOUISVILLE,1,0,0,210,72.0,0,2,16,100.0,25.0,4,0,12.5,1,16,16,3,0,79.9,0,0,4,100.0,75.0,3,25.0,1,4,4,1
Dezmond Tell,122726,DI,LOUISVILLE,1,0,0,210,66.2,0,0,17,100.0,11.8,2,0,5.9,1,17,17,1,0,71.6,0,0,7,100.0,28.6,2,14.3,1,7,7,1
Kam Wilson,122732,ED,LOUISVILLE,1,0,0,210,57.2,0,0,3,75.0,0.0,0,0,0.0,0,4,3,0,0,57.4,0,0,2,100.0,0.0,0,0.0,0,2,2,0
Isaiah Sayles,122767,ED,UNLV,1,0,0,325,47.9,0,1,7,80.0,0.0,0,0,7.1,0,10,8,1,0,46.3,0,1,2,100.0,0.0,0,25.0,0,2,2,1
Kedrick Bingley-Jones,122821,DI,N CAROLINA,1,0,0,245,57.3,0,0,5,100.0,0.0,0,0,0.0,0,5,5,0,0,,0,0,0,,,0,,0,0,0,0
Desmond Evans,122833,ED,N CAROLINA,1,0,0,245,62.8,2,2,23,100.0,13.0,3,2,8.7,0,24,24,4,0,65.3,1,0,4,100.0,25.0,1,12.5,0,4,4,1
Cedric Gray,122835,LB,N CAROLINA,1,0,0,245,67.0,2,1,12,19.4,16.7,2,1,12.5,0,62,12,3,0,66.8,0,1,7,43.8,28.6,2,7.1,0,16,7,1
Myles Murphy,122843,DI,N CAROLINA,1,0,0,245,54.5,1,0,16,100.0,0.0,0,0,3.1,0,16,16,1,0,56.7,1,0,5,100.0,0.0,0,10.0,0,5,5,1
Kaimon Rucker,122847,ED,N CAROLINA,1,0,0,245,61.5,1,2,34,100.0,8.8,3,0,4.4,0,36,36,3,0,65.3,0,1,9,100.0,22.2,2,5.6,0,11,11,1
Nick Booker-Brown,122854,DI,UTSA,1,2,0,331,65.1,0,0,21,100.0,4.8,1,0,0.0,0,22,22,0,1,67.3,0,0,8,100.0,12.5,1,0.0,0,8,8,0
Devan Boykin,122855,S,NC STATE,1,0,0,248,56.5,0,1,3,11.1,0.0,0,0,16.7,0,27,3,1,0,,0,0,0,0.0,,0,,0,3,0,0
Davin Vann,122887,ED,NC STATE,1,0,0,248,67.5,1,2,29,100.0,13.8,4,1,8.6,1,33,33,4,0,87.5,0,0,3,100.0,66.7,2,33.3,1,3,3,1
Rylie Mills,122907,ED,NOTRE DAME,1,0,0,258,62.8,0,1,15,100.0,13.3,2,0,3.3,0,15,15,1,0,55.4,0,0,7,100.0,0.0,0,0.0,0,7,7,0
Reggie Grimes II,122927,ED,OKLAHOMA,1,0,0,261,54.4,0,0,19,100.0,0.0,0,0,0.0,0,20,20,0,0,,0,0,0,,,0,,0,0,0,0
Mason Cobb,122963,LB,OKLA STATE,1,0,0,262,68.3,0,2,3,4.3,33.3,1,0,33.3,0,70,3,2,0,69.4,0,2,2,6.9,50.0,1,50.0,0,29,2,2
Solomon DeShields,123007,LB,PITTSBURGH,1,0,0,268,62.3,0,0,8,50.0,0.0,0,0,12.5,1,16,8,1,0,68.2,0,0,3,42.9,0.0,0,33.3,1,7,3,1
Bangally Kamara,123012,LB,PITTSBURGH,1,0,0,268,60.7,0,1,7,14.9,14.3,1,0,7.1,0,47,7,1,0,57.1,0,0,2,12.5,0.0,0,0.0,0,16,2,0
Khari Coleman,123067,LB,OLE MISS,1,0,0,226,62.0,0,0,9,60.0,11.1,1,0,0.0,0,15,9,0,0,55.3,0,0,3,100.0,0.0,0,0.0,0,3,3,0
Jamoi Hodge,123081,LB,TCU,1,0,0,305,53.9,0,2,5,13.5,0.0,0,0,20.0,0,37,5,2,0,56.7,0,1,2,28.6,0.0,0,25.0,0,7,2,1
Patrick Jenkins,123084,DI,TULANE,1,0,0,319,65.1,0,3,45,100.0,11.1,5,0,5.6,1,45,45,4,0,62.2,0,2,19,100.0,10.5,2,10.5,1,19,19,3
Jahdae Barron,123105,CB,TEXAS,1,0,0,311,60.0,0,0,1,11.1,0.0,0,0,0.0,0,9,1,0,0,,0,0,0,0.0,,0,,0,2,0,0
Vernon Broughton,123107,DI,TEXAS,1,0,0,311,56.2,0,0,5,100.0,0.0,0,0,0.0,0,5,5,0,0,59.8,0,0,1,100.0,0.0,0,0.0,0,1,1,0
Alfred Collins,123110,DI,TEXAS,1,0,0,311,56.7,0,0,3,100.0,0.0,0,0,0.0,0,3,3,0,0,59.1,0,0,1,100.0,0.0,0,0.0,0,1,1,0
Kitan Crawford,123111,S,TEXAS,1,0,0,311,60.0,0,1,1,9.1,0.0,0,0,50.0,0,11,1,1,0,,0,0,0,0.0,,0,,0,3,0,0
Prince Dorbah,123113,ED,TEXAS,1,0,0,311,56.1,0,0,6,100.0,0.0,0,0,0.0,0,6,6,0,0,57.0,0,0,2,100.0,0.0,0,0.0,0,2,2,0
Jaylan Ford,123114,LB,TEXAS,1,0,0,311,39.1,0,3,3,20.0,0.0,0,0,50.0,0,15,3,3,0,56.9,0,1,2,40.0,0.0,0,25.0,0,5,2,1
Philip Blidi,123132,DI,TEXAS TECH,1,0,0,315,64.0,0,0,6,100.0,16.7,1,0,0.0,0,7,7,0,0,57.6,0,0,2,100.0,0.0,0,0.0,0,3,3,0
Devin Drew,123137,DI,NEBRASKA,1,0,0,238,59.8,0,1,14,100.0,0.0,0,0,3.6,0,16,16,1,0,55.6,0,1,6,100.0,0.0,0,8.3,0,7,7,1
Krishon Merriweather,123147,LB,TEXAS TECH,1,0,0,315,87.1,1,1,4,9.1,25.0,1,0,75.0,2,44,4,4,0,,0,0,0,0.0,,0,,0,10,0,0
Angelo Anderson,123208,ED,TULANE,1,0,0,319,64.8,1,2,27,100.0,11.1,3,0,5.6,0,27,27,3,0,63.8,1,1,16,100.0,12.5,2,6.3,0,16,16,2
Brandon Brown,123212,DI,UTSA,1,0,0,331,61.0,0,3,18,100.0,0.0,0,0,8.3,0,18,18,3,0,66.6,0,1,2,100.0,0.0,0,25.0,0,2,2,1
Kevaris Hall,123218,CB,SMU,1,0,0,287,76.6,0,0,1,9.1,0.0,0,0,100.0,1,11,1,1,0,,0,0,0,0.0,,0,,0,2,0,0
Noah Taliancich,123235,DI,TULANE,1,0,0,319,57.7,0,0,9,100.0,0.0,0,0,0.0,0,9,9,0,0,57.9,0,0,3,100.0,0.0,0,0.0,0,3,3,0
Bryce Alonso,123240,ED,TULSA,1,0,0,320,60.0,0,0,2,100.0,0.0,0,0,0.0,0,2,2,0,0,,0,0,0,,,0,,0,0,0,0
Everitt Rogers,123261,DI,TULSA,1,0,0,320,76.2,0,1,4,100.0,50.0,2,0,12.5,0,5,5,1,0,60.0,0,0,0,100.0,,0,,0,1,1,0
Tramel Logan,123287,ED,USF,1,0,0,327,56.3,0,0,22,95.8,4.5,1,0,0.0,0,24,23,0,0,59.1,0,0,10,100.0,10.0,1,0.0,0,11,11,0
Jamal Ligon,123320,LB,UTSA,1,0,0,331,56.6,0,0,2,7.7,0.0,0,0,0.0,0,26,2,0,0,59.3,0,0,1,20.0,0.0,0,0.0,0,5,1,0
Avery Morris,123323,LB,UTSA,1,0,0,331,59.5,0,0,1,12.5,0.0,0,0,0.0,0,8,1,0,0,,0,0,0,0.0,,0,,0,2,0,0
Asyrus Simon,123332,ED,UTSA,1,1,0,331,57.6,0,0,19,100.0,0.0,0,0,0.0,0,19,19,0,0,54.6,0,0,6,100.0,0.0,0,0.0,0,6,6,0
Donyai Taylor,123335,LB,UTSA,1,0,0,331,64.5,0,1,11,48.0,18.2,2,0,4.5,0,25,12,1,0,70.3,0,1,4,62.5,50.0,2,12.5,0,8,5,1
Alec Bryant,123343,ED,ILLINOIS,1,0,0,187,57.6,0,0,14,100.0,7.1,1,0,0.0,0,16,16,0,0,58.8,0,0,7,100.0,14.3,1,0.0,0,9,9,0
Keonta Jenkins,123352,S,VA TECH,1,0,0,337,62.3,0,1,6,33.3,16.7,1,0,8.3,0,18,6,1,0,57.2,0,0,2,33.3,0.0,0,0.0,0,6,2,0
Wilfried Pene,123360,DI,VA TECH,1,0,0,337,57.8,0,0,6,100.0,0.0,0,0,0.0,0,6,6,0,0,60.0,0,0,1,100.0,0.0,0,0.0,0,1,1,0
Robert Wooten,123368,ED,TEXAS TECH,1,0,0,315,57.0,0,0,7,77.8,0.0,0,0,0.0,0,9,7,0,0,57.6,0,0,2,100.0,0.0,0,0.0,0,2,2,0
Wyatt Crespi,123381,DI,WAKE,1,0,0,339,58.1,0,0,4,100.0,0.0,0,0,0.0,0,4,4,0,0,,0,0,0,,,0,,0,0,0,0
Jasheen Davis,123382,ED,WAKE,1,0,0,339,71.1,0,0,7,100.0,28.6,2,0,0.0,0,7,7,0,0,58.0,0,0,2,100.0,0.0,0,0.0,0,2,2,0
Kendron Wayman,123405,ED,WAKE,1,0,0,339,75.1,1,0,13,100.0,23.1,3,0,19.2,2,13,13,3,0,69.0,0,0,2,100.0,0.0,0,50.0,1,2,2,1
Akheem Mesidor,123427,ED,MIAMI FL,1,1,0,220,64.8,1,0,24,100.0,4.2,1,0,6.3,1,24,24,2,1,61.4,0,0,8,100.0,0.0,0,0.0,0,8,8,0
JaQues Evans,123449,ED,W KENTUCKY,1,0,0,346,63.8,0,4,20,52.6,10.0,2,0,10.0,0,38,20,4,0,58.0,0,0,2,66.7,0.0,0,0.0,0,3,2,0
Darius Shipp,123465,DI,W KENTUCKY,1,0,0,346,55.4,0,0,16,100.0,0.0,0,0,0.0,0,16,16,0,0,57.6,0,0,2,100.0,0.0,0,0.0,0,2,2,0
Terrion Thompson,123468,DI,W KENTUCKY,1,0,0,346,56.0,0,0,10,100.0,0.0,0,0,0.0,0,10,10,0,0,58.1,0,0,3,100.0,0.0,0,0.0,0,3,3,0
Quincy Ledet Jr.,123485,DI,LA MONROE,1,0,0,209,79.8,0,1,10,100.0,20.0,2,0,5.0,0,10,10,1,0,58.2,0,0,2,100.0,0.0,0,0.0,0,2,2,0
Kam Arnold,123531,LB,BOSTON COL,1,0,0,121,61.5,0,2,8,21.6,0.0,0,0,12.5,0,37,8,2,0,55.5,0,0,3,60.0,0.0,0,0.0,0,5,3,0
Cam Horsley,123541,DI,BOSTON COL,1,0,0,121,57.5,0,0,21,100.0,0.0,0,0,0.0,0,22,22,0,0,,0,0,0,,,0,,0,0,0,0
Sterling Miles,123574,ED,E MICHIGAN,1,0,0,160,63.6,0,0,8,100.0,25.0,2,0,0.0,0,9,9,0,0,62.3,0,0,5,100.0,20.0,1,0.0,0,5,5,0
Dominique Perry,123575,DI,CINCINNATI,1,0,0,138,60.0,0,0,1,100.0,0.0,0,0,0.0,0,1,1,0,0,,0,0,0,,,0,,0,0,0,0
Justin Wodtly,123586,ED,CINCINNATI,1,0,0,138,57.2,0,0,4,100.0,0.0,0,0,0.0,0,4,4,0,0,,0,0,0,,,0,,0,0,0,0
Jamal Potts,123645,CB,FIU,1,0,0,166,71.1,0,0,2,14.3,50.0,1,0,0.0,0,14,2,0,0,66.1,0,0,1,16.7,100.0,1,0.0,0,6,1,0
Nelson Ceaser,123656,ED,HOUSTON,1,0,0,182,65.5,0,3,34,97.4,14.7,5,0,7.4,1,38,37,4,0,72.2,0,2,14,93.8,35.7,5,14.3,1,16,15,3
D'Anthony Jones,123671,ED,HOUSTON,1,0,0,182,67.0,1,2,25,87.1,12.0,3,0,10.0,1,31,27,4,0,73.7,1,2,10,73.3,30.0,3,25.0,1,15,11,4
Chidozie Nwankwo,123676,DI,HOUSTON,1,0,0,182,57.7,0,0,29,100.0,3.4,1,0,0.0,0,30,30,0,0,60.1,0,0,12,100.0,8.3,1,0.0,0,12,12,0
Jayce Rogers,123678,CB,HOUSTON,1,0,0,182,57.1,0,0,3,7.3,0.0,0,0,0.0,0,41,3,0,0,57.5,0,0,2,12.5,0.0,0,0.0,0,16,2,0
Sedrick Williams,123687,DI,HOUSTON,1,0,0,182,57.6,0,0,5,100.0,0.0,0,0,0.0,0,5,5,0,0,59.5,0,0,1,100.0,0.0,0,0.0,0,1,1,0
Shakel Brown,123691,DI,TROY,1,0,0,318,69.7,0,1,20,100.0,10.0,2,0,7.5,1,20,20,2,0,64.4,0,0,6,100.0,16.7,1,16.7,1,6,6,1
T.J. Jackson,123708,ED,TROY,1,0,0,318,64.3,1,0,21,100.0,4.8,1,0,11.9,2,21,21,3,0,55.1,0,0,5,100.0,0.0,0,0.0,0,5,5,0
Tim Steward,123724,S,TROY,1,0,0,318,68.3,0,0,2,50.0,50.0,1,0,0.0,0,4,2,0,0,59.5,0,0,1,50.0,0.0,0,0.0,0,2,1,0
Josh Celiscar,123738,ED,UCF,1,0,0,323,54.1,0,0,47,89.5,4.3,2,0,0.0,0,57,51,0,0,58.1,0,0,19,88.0,10.5,2,0.0,0,25,22,0
Kervins Choute,123739,DI,UCF,1,0,0,323,76.3,0,1,4,100.0,50.0,2,0,12.5,0,4,4,1,0,76.4,0,1,3,100.0,66.7,2,16.7,0,3,3,1
Justin Hodges,123748,CB,UCF,1,0,0,323,59.4,0,0,2,4.7,0.0,0,0,0.0,0,43,2,0,0,,0,0,0,0.0,,0,,0,18,0,0
Corey Thornton,123763,CB,UCF,1,0,0,323,58.3,0,0,0,2.2,,0,1,,0,46,1,0,0,58.3,0,0,0,4.8,,0,,0,21,1,0
Olasunkonmi Agunloye,123766,DI,VIRGINIA,1,0,0,335,53.8,0,1,15,100.0,0.0,0,1,3.3,0,17,17,1,0,54.1,0,1,7,100.0,0.0,0,7.1,0,9,9,1
Jahmeer Carter,123770,DI,VIRGINIA,1,0,0,335,55.4,0,0,18,95.2,0.0,0,0,0.0,0,21,20,0,0,55.1,0,0,8,100.0,0.0,0,0.0,0,10,10,0
Donovan Johnson Sr.,123781,S,VIRGINIA,1,0,0,335,60.0,0,0,1,7.7,0.0,0,0,0.0,0,13,1,0,0,,0,0,0,0.0,,0,,0,4,0,0
Nusi Malani,123785,DI,WASH STATE,1,0,0,341,54.5,0,0,10,100.0,0.0,0,1,0.0,0,10,10,0,0,54.4,0,0,6,100.0,0.0,0,0.0,0,6,6,0
D'Anta Johnson,123819,DI,E CAROLINA,1,0,0,156,55.9,0,0,14,100.0,0.0,0,0,0.0,0,14,14,0,0,57.3,0,0,5,100.0,0.0,0,0.0,0,5,5,0
Elijah Morris,123827,DI,E CAROLINA,1,0,0,156,56.4,1,2,18,100.0,0.0,0,0,8.3,0,18,18,3,0,56.7,0,2,5,100.0,0.0,0,20.0,0,5,5,2
Elijah Robinson,123830,ED,E CAROLINA,1,0,0,156,57.6,0,0,3,100.0,0.0,0,0,0.0,0,3,3,0,0,60.0,0,0,1,100.0,0.0,0,0.0,0,1,1,0
Jason Shuford,123833,DI,E CAROLINA,1,0,0,156,58.0,0,0,4,100.0,0.0,0,0,0.0,0,4,4,0,0,58.9,0,0,2,100.0,0.0,0,0.0,0,2,2,0
Teagan Wilk,123843,S,E CAROLINA,1,0,0,156,59.6,0,0,2,8.3,0.0,0,0,0.0,0,24,2,0,0,,0,0,0,0.0,,0,,0,7,0,0
Will Anderson Jr.,123903,ED,ALABAMA,1,0,0,103,72.6,5,5,42,91.7,19.0,8,0,11.9,0,48,44,10,0,76.6,2,2,19,95.2,21.1,4,10.5,0,21,20,4
Brian Branch,123907,S,ALABAMA,1,0,0,103,54.6,0,0,4,7.7,0.0,0,1,0.0,0,52,4,0,0,56.9,0,0,2,8.3,0.0,0,0.0,0,24,2,0
Chris Braswell,123908,ED,ALABAMA,1,0,0,103,75.5,2,3,24,96.3,29.2,7,0,14.6,1,27,26,6,0,76.9,1,3,13,93.3,46.2,6,23.1,1,15,14,5
Jackson Bratton,123909,LB,UAB,1,0,0,321,59.3,0,0,1,4.3,0.0,0,0,0.0,0,23,1,0,0,59.3,0,0,1,33.3,0.0,0,0.0,0,3,1,0
Jamil Burroughs,123910,DI,ALABAMA,1,0,0,103,56.0,0,0,9,100.0,0.0,0,0,0.0,0,9,9,0,0,56.6,0,0,6,100.0,0.0,0,0.0,0,6,6,0
Jah-Marien Latham,123924,ED,ALABAMA,1,0,0,103,64.1,0,1,6,100.0,16.7,1,0,8.3,0,6,6,1,0,64.9,0,1,5,100.0,20.0,1,10.0,0,5,5,1
Malachi Moore,123928,CB,ALABAMA,1,0,0,103,55.8,0,0,3,13.0,0.0,0,0,0.0,0,23,3,0,0,56.8,0,0,2,13.3,0.0,0,0.0,0,15,2,0
Drew Sanders,123933,LB,ARKANSAS,1,0,0,111,55.3,1,0,3,10.0,0.0,0,0,16.7,0,50,5,1,0,56.5,0,0,1,66.7,0.0,0,0.0,0,3,2,0
Tim Smith,123935,DI,ALABAMA,1,0,0,103,61.9,1,0,13,100.0,7.7,1,0,3.8,0,13,13,1,0,65.8,1,0,3,100.0,33.3,1,16.7,0,3,3,1
Khari Johnson,123958,CB,ARKANSAS,1,0,0,111,60.0,0,0,1,7.1,100.0,1,1,0.0,0,28,2,0,0,,0,0,0,0.0,,0,,0,1,0,0
Jashaud Stewart,123964,ED,ARKANSAS,1,1,0,111,58.9,0,0,12,100.0,0.0,0,0,0.0,0,13,13,0,0,59.4,0,0,1,100.0,0.0,0,0.0,0,1,1,0
Eric Thomas Jr.,123966,ED,ARKANSAS,1,0,0,111,72.1,0,0,5,100.0,40.0,2,0,0.0,0,5,5,0,0,59.5,0,0,1,100.0,0.0,0,0.0,0,1,1,0
Marquis Burks,123976,DI,AUBURN,1,0,0,115,58.0,0,0,8,100.0,0.0,0,0,0.0,0,9,9,0,0,59.0,0,0,1,100.0,0.0,0,0.0,0,2,2,0
JJ Pegues,123998,DI,OLE MISS,1,0,0,226,69.4,1,3,19,100.0,21.1,4,0,10.5,0,21,21,4,0,68.8,1,3,11,100.0,27.3,3,18.2,0,12,12,4
Cam Riley,124001,LB,AUBURN,1,0,0,115,58.3,0,0,2,11.8,0.0,0,0,0.0,0,17,2,0,0,58.9,0,0,1,11.1,0.0,0,0.0,0,9,1,0
Wesley Steiner,124003,LB,AUBURN,1,0,0,115,64.3,0,0,2,13.0,0.0,0,0,0.0,0,23,3,0,0,65.8,0,0,1,25.0,0.0,0,0.0,0,8,2,0
Ladarius Tennison,124004,S,OLE MISS,1,1,0,226,66.8,0,2,6,27.3,0.0,0,2,16.7,0,22,6,2,0,59.8,0,0,1,14.3,0.0,0,0.0,0,7,1,0
Zykeivous Walker,124007,DI,AUBURN,1,0,0,115,57.1,0,0,6,100.0,0.0,0,0,0.0,0,7,7,0,0,58.4,0,0,1,100.0,0.0,0,0.0,0,2,2,0
Warren Brinson,124013,DI,GEORGIA,1,0,0,173,62.8,0,3,23,100.0,13.0,3,0,6.5,0,24,24,3,0,63.5,0,2,13,100.0,15.4,2,7.7,0,13,13,2
Nazir Stackhouse,124040,DI,GEORGIA,1,0,0,173,54.2,0,1,26,100.0,0.0,0,0,1.9,0,27,27,1,0,55.3,0,1,13,100.0,0.0,0,3.8,0,13,13,1
Josaih Hayes,124065,DI,KENTUCKY,1,0,0,202,58.9,0,0,7,100.0,0.0,0,0,0.0,0,7,7,0,0,,0,0,0,,,0,,0,0,0,0
D'Eryk Jackson,124067,LB,KENTUCKY,1,0,0,202,48.0,0,2,1,5.3,0.0,0,0,100.0,0,19,1,2,0,59.5,0,0,1,50.0,0.0,0,0.0,0,2,1,0
Octavious Oxendine,124073,DI,KENTUCKY,1,0,0,202,57.7,0,0,15,100.0,6.7,1,0,0.0,0,15,15,0,0,55.5,0,0,6,100.0,0.0,0,0.0,0,6,6,0
Justin Rogers,124076,DI,KENTUCKY,1,0,0,202,68.1,0,1,12,100.0,8.3,1,0,4.2,0,12,12,1,0,59.1,0,0,2,100.0,0.0,0,0.0,0,2,2,0
Tre'vonn Rybka,124077,ED,KENTUCKY,1,0,0,202,56.7,0,0,7,100.0,0.0,0,0,0.0,0,7,7,0,0,58.4,0,0,2,100.0,0.0,0,0.0,0,2,2,0
Ali Gaye,124095,ED,LSU,1,1,0,211,64.6,0,0,26,100.0,3.8,1,0,0.0,0,30,30,0,0,55.6,0,0,5,100.0,0.0,0,0.0,0,5,5,0
Jacobian Guillory II,124097,DI,LSU,1,0,0,211,63.9,0,0,10,100.0,10.0,1,0,0.0,0,10,10,0,0,66.7,0,0,2,100.0,50.0,1,0.0,0,2,2,0
BJ Ojulari,124105,ED,LSU,1,0,0,211,74.8,0,1,25,88.2,12.0,3,0,2.0,0,34,30,1,0,64.9,0,1,4,80.0,25.0,1,12.5,0,5,4,1
Jaquelin Roy,124111,DI,LSU,1,0,0,211,63.4,0,0,22,100.0,4.5,1,0,0.0,0,27,27,0,0,57.9,0,0,3,100.0,0.0,0,0.0,0,3,3,0
Daylen Gill,124135,LB,SO MISS,1,0,0,296,78.1,1,2,8,29.0,37.5,3,0,18.8,0,31,9,3,0,76.7,0,2,2,16.7,100.0,2,50.0,0,12,2,2
Cedric Johnson,124136,ED,OLE MISS,1,0,0,226,70.8,1,0,23,100.0,13.0,3,0,2.2,0,26,26,1,0,67.2,0,0,9,100.0,22.2,2,0.0,0,10,10,0
Austin Keys,124137,LB,OLE MISS,1,0,0,226,65.3,0,0,6,28.6,16.7,1,0,0.0,0,21,6,0,0,68.6,0,0,3,60.0,33.3,1,0.0,0,5,3,0
Tavius Robinson,124147,ED,OLE MISS,1,0,0,226,56.9,0,0,31,100.0,6.5,2,0,0.0,0,33,33,0,0,56.4,0,0,12,100.0,8.3,1,0.0,0,13,13,0
Jevon Banks,124157,DI,MISS STATE,1,0,0,227,58.9,0,0,2,100.0,0.0,0,0,0.0,0,2,2,0,0,59.9,0,0,1,100.0,0.0,0,0.0,0,1,1,0
Kyle Cass,124160,CB,TROY,1,0,0,318,57.2,0,0,1,4.8,0.0,0,0,0.0,0,21,1,0,0,57.2,0,0,1,16.7,0.0,0,0.0,0,6,1,0
Armondous Cooley,124161,DI,SO MISS,1,0,0,296,58.6,0,0,4,100.0,0.0,0,0,0.0,0,5,5,0,0,59.9,0,0,1,100.0,0.0,0,0.0,0,1,1,0
Tyrus Wheat,124191,ED,MISS STATE,1,0,0,227,68.8,0,2,14,56.0,14.3,2,0,14.3,1,25,14,3,0,72.7,0,0,4,50.0,25.0,1,25.0,1,8,4,1
Jaylon Carlies,124196,S,MISSOURI,1,0,0,229,60.0,0,1,1,5.3,0.0,0,0,50.0,0,19,1,1,0,60.0,0,1,1,25.0,0.0,0,50.0,0,4,1,1
Ben Key,124209,DI,UNLV,1,0,0,325,60.0,0,0,1,100.0,100.0,1,0,0.0,0,1,1,0,0,,0,0,0,,,0,,0,0,0,0
Jordan Burch,124227,ED,S CAROLINA,1,0,0,289,64.7,0,3,33,100.0,12.1,4,0,7.6,1,34,34,4,0,64.6,0,3,14,100.0,21.4,3,10.7,0,14,14,3
Gilber Edmond,124233,ED,S CAROLINA,1,0,0,289,55.3,0,1,32,94.3,3.1,1,0,4.7,1,35,33,2,0,58.9,0,1,12,85.7,8.3,1,12.5,1,14,12,2
Tonka Hemingway,124238,DI,S CAROLINA,1,0,0,289,73.3,0,2,24,89.3,20.8,5,0,12.5,2,28,25,4,0,62.3,0,0,10,90.9,10.0,1,10.0,1,11,10,1
Makius Scott,124255,DI,GA TECH,1,0,0,176,58.4,1,1,30,100.0,3.3,1,1,6.7,1,32,32,3,0,60.4,1,1,21,100.0,4.8,1,9.5,1,22,22,3
Dominic Bailey,124267,ED,TENNESSEE,1,0,0,307,55.9,0,0,8,100.0,0.0,0,0,0.0,0,8,8,0,0,56.4,0,0,4,100.0,0.0,0,0.0,0,4,4,0
Tyler Baron,124268,ED,TENNESSEE,1,0,1,307,74.2,1,3,26,100.0,19.2,5,2,7.7,0,28,28,4,0,70.6,1,1,8,100.0,37.5,3,12.5,0,9,9,2
Bryson Eason,124276,DI,TENNESSEE,1,0,0,307,61.7,0,0,15,100.0,0.0,0,0,6.7,1,16,16,1,0,64.8,0,0,6,100.0,0.0,0,16.7,1,6,6,1
Key Lawrence,124286,S,OKLAHOMA,1,0,0,261,60.0,0,0,1,7.7,0.0,0,0,0.0,0,13,1,0,0,,0,0,0,,,0,,0,0,0,0
Tamarion McDonald,124290,CB,TENNESSEE,1,0,0,307,60.0,0,0,1,2.3,0.0,0,0,0.0,0,43,1,0,0,,0,0,0,0.0,,0,,0,15,0,0
Omari Thomas,124300,DI,TENNESSEE,1,0,0,307,61.5,0,1,16,100.0,0.0,0,0,3.1,0,19,19,1,0,64.3,0,0,4,100.0,0.0,0,0.0,0,6,6,0
Edgerrin Cooper,124311,LB,TEXAS A&M,1,0,0,312,63.5,0,1,4,13.3,0.0,0,0,12.5,0,30,4,1,0,56.8,0,0,3,25.0,0.0,0,0.0,0,12,3,0
Fadil Diggs,124314,ED,TEXAS A&M,1,0,0,312,83.1,0,2,16,85.0,0.0,0,0,18.8,2,20,17,4,0,66.4,0,1,7,100.0,0.0,0,7.1,0,7,7,1
McKinnley Jackson,124324,DI,TEXAS A&M,1,0,0,312,61.4,0,1,24,100.0,4.2,1,2,2.1,0,25,25,1,0,55.3,0,0,11,100.0,0.0,0,0.0,0,11,11,0
Antonio Johnson,124326,S,TEXAS A&M,1,0,0,312,59.2,0,0,1,7.1,0.0,0,0,0.0,0,14,1,0,0,,0,0,0,0.0,,0,,0,4,0,0
Isaiah Raikes,124340,DI,TEXAS A&M,1,0,0,312,57.1,0,0,5,100.0,0.0,0,0,0.0,0,5,5,0,0,58.8,0,0,2,100.0,0.0,0,0.0,0,2,2,0
Ethan Barr,124345,LB,VANDERBILT,1,0,0,333,67.6,1,0,1,5.9,0.0,0,0,50.0,0,17,1,1,0,58.9,0,0,1,33.3,0.0,0,0.0,0,3,1,0
Donovan Kaufman,124351,S,AUBURN,1,0,0,115,59.2,0,1,1,2.8,100.0,1,0,50.0,0,36,1,1,0,59.2,0,1,1,6.7,100.0,1,50.0,0,15,1,1
Kevo Wesley,124364,DI,VANDERBILT,1,0,0,333,59.8,0,0,1,100.0,0.0,0,0,0.0,0,1,1,0,0,59.8,0,0,1,100.0,0.0,0,0.0,0,1,1,0
Gervon Dexter Sr.,124374,DI,FLORIDA,1,0,0,163,58.8,0,1,27,100.0,0.0,0,0,5.6,1,27,27,2,0,61.7,0,1,10,100.0,0.0,0,15.0,1,10,10,2
Tre'Vez Johnson,124383,CB,FLORIDA,1,0,0,163,60.0,0,0,1,3.6,0.0,0,0,0.0,0,28,1,0,0,,0,0,0,0.0,,0,,0,13,0,0
Jalen Lee,124385,DI,FLORIDA,1,0,0,163,56.6,0,0,10,100.0,0.0,0,0,0.0,0,10,10,0,0,56.9,0,0,6,100.0,0.0,0,0.0,0,6,6,0
Antwaun Powell-Ryland,124392,ED,FLORIDA,1,0,0,163,54.3,0,0,9,81.8,0.0,0,0,0.0,0,11,9,0,0,54.9,0,0,5,83.3,0.0,0,0.0,0,6,5,0
Jahari Rogers,124394,CB,SMU,1,0,0,287,57.1,0,1,2,14.3,0.0,0,0,25.0,0,14,2,1,0,,0,0,0,0.0,,0,,0,2,0,0
Princely Umanmielen,124398,ED,FLORIDA,1,0,0,163,71.1,0,0,13,86.7,15.4,2,0,15.4,2,15,13,2,0,70.8,0,0,5,83.3,20.0,1,40.0,2,6,5,2
Jayden Jones,124724,ED,SMU,1,0,0,287,59.8,0,0,1,100.0,0.0,0,0,0.0,0,1,1,0,0,,0,0,0,,,0,,0,0,0,0
Junior Colson,124827,LB,MICHIGAN,1,0,0,222,65.1,0,1,5,10.9,0.0,0,0,30.0,1,46,5,2,0,68.9,0,0,2,11.1,0.0,0,50.0,1,18,2,1
Alec Mock,125275,LB,AIR FORCE,1,0,0,101,76.5,0,1,1,20.0,200.0,2,0,50.0,0,5,1,1,0,,0,0,0,0.0,,0,,0,1,0,0
Kalawai'a Pescaia,125277,DI,AIR FORCE,1,0,0,101,60.4,0,1,13,100.0,7.7,1,0,3.8,0,16,16,1,0,63.9,0,1,3,100.0,33.3,1,16.7,0,4,4,1
Johnathan Youngblood,125280,LB,AIR FORCE,1,0,0,101,47.9,0,3,5,22.2,0.0,0,0,30.0,0,27,6,3,0,59.1,0,0,1,16.7,0.0,0,0.0,0,6,1,0
Nick Bags,125315,DI,USF,1,0,0,327,57.5,0,0,7,100.0,0.0,0,0,0.0,0,8,8,0,0,58.9,0,0,2,100.0,0.0,0,0.0,0,2,2,0
Keydrain Calligan,127949,S,LA MONROE,1,0,0,209,56.5,0,1,1,5.3,0.0,0,0,50.0,0,19,1,1,0,,0,0,0,0.0,,0,,0,4,0,0
Mekhi Wingo,128050,DI,LSU,1,0,0,211,69.0,0,0,28,100.0,10.7,3,0,0.0,0,33,33,0,0,56.5,0,0,5,100.0,0.0,0,0.0,0,5,5,0
Viczaril Alobwede,128071,ED,UMASS,1,0,0,216,48.6,0,1,15,100.0,0.0,0,0,3.3,0,15,15,1,0,47.2,0,1,9,100.0,0.0,0,5.6,0,9,9,1
Aaron Beckwith,128074,DI,UMASS,1,0,0,216,58.8,0,1,5,100.0,0.0,0,0,10.0,0,5,5,1,0,60.0,0,0,1,100.0,0.0,0,0.0,0,1,1,0
Taishan Holmes,128083,DI,NWESTERN,1,0,0,256,57.8,0,0,8,100.0,0.0,0,0,0.0,0,8,8,0,0,60.0,0,0,1,100.0,0.0,0,0.0,0,1,1,0
Gerrell Johnson,128085,LB,UMASS,1,0,0,216,56.7,0,0,6,54.5,0.0,0,0,0.0,0,11,6,0,0,56.8,0,0,2,50.0,0.0,0,0.0,0,4,2,0
Hugo Klages,128087,DI,UMASS,1,0,0,216,57.9,0,1,7,100.0,14.3,1,0,7.1,0,7,7,1,0,58.2,0,1,3,100.0,33.3,1,16.7,0,3,3,1
Nahji Logan,128090,LB,UMASS,1,0,0,216,73.7,1,0,5,29.4,0.0,0,0,30.0,1,17,5,2,0,77.7,1,0,2,33.3,0.0,0,75.0,1,6,2,2
Myles Turner,128105,LB,UMASS,1,0,0,216,60.0,0,0,1,33.3,0.0,0,0,0.0,0,3,1,0,0,,0,0,0,0.0,,0,,0,1,0,0
Herbert Gums,128130,DI,BOISE ST,1,0,0,120,56.3,0,0,10,100.0,0.0,0,0,0.0,0,10,10,0,0,58.8,0,0,2,100.0,0.0,0,0.0,0,2,2,0
Gabe Hunter,128132,ED,BOISE ST,1,0,0,120,58.2,0,0,2,100.0,0.0,0,0,0.0,0,2,2,0,0,58.2,0,0,2,100.0,0.0,0,0.0,0,2,2,0
Kaonohi Kaniho,128134,CB,BOISE ST,1,0,0,120,63.0,0,0,1,4.8,100.0,1,0,0.0,0,21,1,0,0,,0,0,0,0.0,,0,,0,7,0,0
Divine Obichere,128137,DI,BOISE ST,1,0,0,120,62.5,1,0,1,100.0,100.0,1,0,50.0,0,1,1,1,0,62.5,1,0,1,100.0,100.0,1,50.0,0,1,1,1
Cam Bariteau,128145,DI,COLO STATE,1,0,1,144,60.0,0,1,20,100.0,5.0,1,1,2.5,0,20,20,1,0,63.3,0,1,6,100.0,16.7,1,8.3,0,6,6,1
Henry Blackburn,128146,S,COLO STATE,1,0,0,144,59.6,0,0,1,2.1,0.0,0,0,0.0,0,47,1,0,0,,0,0,0,0.0,,0,,0,17,0,0
Brandon Hickerson-Rooks,128155,ED,COLO STATE,1,0,0,144,66.1,0,5,13,76.5,23.1,3,0,19.2,0,17,13,5,0,73.6,0,4,6,66.7,50.0,3,33.3,0,9,6,4
James Mitchell,128160,DI,COLO STATE,1,0,1,144,57.4,0,0,8,100.0,0.0,0,1,0.0,0,9,9,0,0,60.0,0,0,1,100.0,0.0,0,0.0,0,1,1,0
Chase Wilson,128170,LB,COLO STATE,1,0,0,144,59.3,1,0,1,7.1,0.0,0,0,50.0,0,14,1,1,0,59.3,1,0,1,20.0,0.0,0,50.0,0,5,1,1
Ezra Evaimalo,128195,DI,HAWAII,1,0,0,180,61.2,0,3,14,100.0,21.4,3,0,10.7,0,14,14,3,0,65.2,0,2,6,100.0,50.0,3,16.7,0,6,6,2
John Tuitupou,128217,DI,HAWAII,1,0,0,180,61.4,0,1,23,100.0,8.7,2,0,6.5,1,25,25,2,0,68.5,0,1,8,100.0,25.0,2,18.8,1,9,9,2
Davion Blackwell,128223,LB,NEVADA,1,0,0,239,65.5,0,1,2,33.3,0.0,0,0,25.0,0,6,2,1,0,65.5,0,1,2,50.0,0.0,0,25.0,0,4,2,1
Angel King,128234,S,COLO STATE,1,0,0,144,75.9,0,1,3,6.4,33.3,1,0,50.0,1,47,3,2,0,68.3,0,0,2,11.8,0.0,0,50.0,1,17,2,1
Tongiaki Mateialona,128238,LB,NEVADA,1,0,0,239,66.7,1,0,7,47.1,0.0,0,0,7.1,0,17,8,1,0,63.3,0,0,3,57.1,0.0,0,0.0,0,7,4,0
Teivis Tuioti,128247,DI,COLO STATE,1,0,0,144,65.2,0,1,4,100.0,25.0,1,0,12.5,0,5,5,1,0,66.5,0,1,2,100.0,50.0,1,25.0,0,2,2,1
Thomas Witte,128249,ED,NEVADA,1,0,0,239,60.4,0,0,11,100.0,0.0,0,0,0.0,0,12,12,0,0,63.0,0,0,5,100.0,0.0,0,0.0,0,6,6,0
Kyler Drake,128260,ED,NEW MEXICO,1,0,0,241,63.0,1,0,5,100.0,0.0,0,0,10.0,0,5,5,1,0,65.5,1,0,2,100.0,0.0,0,25.0,0,2,2,1
Dion Hunter,128264,LB,NEW MEXICO,1,0,1,241,58.7,1,1,7,33.3,14.3,1,2,14.3,0,21,7,2,0,60.6,1,1,5,45.5,20.0,1,20.0,0,11,5,2
Cody Moon,128273,ED,NEW MEXICO,1,0,0,241,52.6,1,1,13,68.4,7.7,1,0,7.7,0,19,13,2,0,52.6,1,1,7,53.8,14.3,1,14.3,0,13,7,2
Syaire Riley,128277,ED,NEW MEXICO,1,0,0,241,66.3,0,1,6,46.7,16.7,1,0,8.3,0,15,7,1,0,62.5,0,1,4,50.0,25.0,1,12.5,0,8,4,1
Jake Saltonstall,128278,DI,NEW MEXICO,1,0,1,241,61.7,1,2,19,100.0,10.5,2,2,7.9,0,20,20,3,0,65.1,1,2,12,100.0,16.7,2,12.5,0,12,12,3
Bryce Santana,128279,DI,NEW MEXICO,1,0,0,241,57.6,0,0,4,80.0,0.0,0,0,0.0,0,5,4,0,0,57.9,0,0,2,100.0,0.0,0,0.0,0,2,2,0
Vai Kaho,128304,LB,S DIEGO ST,1,0,0,284,61.1,0,1,5,55.6,20.0,1,0,10.0,0,9,5,1,0,61.9,0,1,4,80.0,25.0,1,12.5,0,5,4,1
Jay Kakiva,128328,DI,S JOSE ST,1,0,0,285,62.8,0,1,8,100.0,12.5,1,0,6.3,0,9,9,1,0,66.0,0,1,3,100.0,33.3,1,16.7,0,3,3,1
Grady Manley,128332,ED,S JOSE ST,1,0,0,285,58.2,0,0,4,100.0,0.0,0,0,0.0,0,4,4,0,0,,0,0,0,,,0,,0,0,0,0
Soane Toia,128338,DI,S JOSE ST,1,0,0,285,56.8,0,2,16,100.0,12.5,2,0,6.3,0,16,16,2,0,60.6,0,1,7,100.0,14.3,1,7.1,0,7,7,1
Elijah Wood,128340,CB,S JOSE ST,1,0,0,285,59.4,0,0,1,12.5,0.0,0,0,0.0,0,8,1,0,0,,0,0,0,0.0,,0,,0,2,0,0
Jalen Dixon,128351,DI,UNLV,1,0,0,325,71.5,0,0,6,100.0,33.3,2,0,0.0,0,6,6,0,0,65.8,0,0,2,100.0,50.0,1,0.0,0,2,2,0
Waisale Muavesi,128364,DI,UNLV,1,0,0,325,55.3,0,0,13,100.0,0.0,0,0,0.0,0,14,14,0,0,56.8,0,0,5,100.0,0.0,0,0.0,0,5,5,0
James Hansen,128381,DI,NEVADA,1,0,0,239,55.8,0,0,11,100.0,0.0,0,0,0.0,0,11,11,0,0,57.7,0,0,4,100.0,0.0,0,0.0,0,4,4,0
Poukesi Vakauta,128401,DI,UTAH ST,1,0,0,329,58.2,0,0,2,100.0,0.0,0,0,0.0,0,2,2,0,0,59.7,0,0,1,100.0,0.0,0,0.0,0,1,1,0
Gavin Meyer,128421,DI,WYOMING,1,0,0,351,59.5,0,5,31,100.0,16.1,5,0,17.7,3,33,33,8,0,56.6,0,4,16,100.0,18.8,3,25.0,2,16,16,6
Oluwaseyi Omotosho,128425,ED,WYOMING,1,0,0,351,63.4,1,1,27,100.0,7.4,2,0,7.4,1,29,29,3,0,60.7,0,1,16,100.0,0.0,0,9.4,1,16,16,2
Caleb Robinson,128429,DI,WYOMING,1,0,0,351,60.8,0,0,11,100.0,0.0,0,0,0.0,0,11,11,0,0,62.5,0,0,7,100.0,0.0,0,0.0,0,7,7,0
Braden Siders,128432,ED,WYOMING,1,0,0,351,68.3,1,2,23,100.0,8.7,2,0,15.2,2,24,24,5,0,67.9,1,1,11,100.0,9.1,1,18.2,1,11,11,3
Isaac White,128440,S,WYOMING,1,0,0,351,66.7,0,1,2,4.9,50.0,1,0,25.0,0,41,2,1,0,,0,0,0,0.0,,0,,0,21,0,0
Isaac Darkangelo,129410,LB,ILLINOIS,1,0,0,187,57.4,0,0,2,14.3,0.0,0,0,0.0,0,14,2,0,0,,0,0,0,0.0,,0,,0,7,0,0
Jer'Zhan Newton,129420,DI,ILLINOIS,1,0,0,187,71.8,1,3,38,100.0,21.1,8,0,5.3,0,40,40,4,0,62.6,0,2,21,100.0,14.3,3,4.8,0,23,23,2
Jalen Mayala,129448,ED,UAB,1,0,0,321,65.7,0,1,5,100.0,20.0,1,0,10.0,0,5,5,1,0,59.8,0,0,1,100.0,0.0,0,0.0,0,1,1,0
Ty Wise,129458,ED,MIAMI OH,1,0,0,221,64.3,0,0,15,100.0,6.7,1,0,0.0,0,17,17,0,0,64.9,0,0,3,100.0,33.3,1,0.0,0,3,3,0
Deontae Craig,129464,ED,IOWA,1,0,0,192,69.2,0,2,15,100.0,13.3,2,0,6.7,0,16,16,2,0,64.3,0,1,4,100.0,25.0,1,12.5,0,5,5,1
Jay Higgins,129469,LB,IOWA,1,0,0,192,60.0,0,1,1,11.1,0.0,0,0,50.0,0,9,1,1,0,60.0,0,1,1,33.3,0.0,0,50.0,0,3,1,1
Ethan Hurkett,129471,ED,IOWA,1,0,0,192,57.4,0,0,7,100.0,0.0,0,0,0.0,0,7,7,0,0,59.7,0,0,1,100.0,0.0,0,0.0,0,1,1,0
Lukas Van Ness,129482,ED,IOWA,1,0,0,192,64.6,1,3,26,100.0,3.8,1,0,7.7,0,27,27,4,0,67.1,1,2,7,100.0,0.0,0,21.4,0,8,8,3
Beau Brade,129499,S,MARYLAND,1,0,0,215,59.8,0,1,1,2.3,0.0,0,0,50.0,0,44,1,1,0,59.8,0,1,1,7.7,0.0,0,50.0,0,13,1,1
Isaac Bunyun,129501,DI,MARYLAND,1,0,0,215,63.8,0,1,7,100.0,14.3,1,0,7.1,0,7,7,1,0,60.0,0,0,1,100.0,0.0,0,0.0,0,1,1,0
Ami Finau,129508,DI,MARYLAND,1,0,0,215,53.6,0,1,33,100.0,0.0,0,0,1.5,0,36,36,1,0,53.5,0,1,10,100.0,0.0,0,5.0,0,10,10,1
Ruben Hyppolite II,129516,LB,MARYLAND,1,0,0,215,58.9,0,0,1,33.3,0.0,0,0,0.0,0,3,1,0,0,58.9,0,0,1,50.0,0.0,0,0.0,0,2,1,0
Mosiah Nasili-Kite,129527,DI,MARYLAND,1,0,0,215,60.2,1,1,29,100.0,6.9,2,0,3.4,0,31,31,2,0,63.1,1,0,8,100.0,12.5,1,6.3,0,8,8,1
Tarheeb Still,129537,CB,MARYLAND,1,0,0,215,66.2,0,0,2,4.1,50.0,1,2,0.0,0,49,2,0,0,59.2,0,0,1,6.7,0.0,0,0.0,0,15,1,0
Riyad Wilmot,129541,ED,MARYLAND,1,0,0,215,56.8,0,1,5,66.7,0.0,0,0,10.0,0,9,6,1,0,58.2,0,0,2,66.7,0.0,0,0.0,0,3,2,0
Jaylen Harrell,129579,ED,MICHIGAN,1,0,0,222,63.8,0,1,21,88.0,14.3,3,1,7.1,1,25,22,2,0,64.2,0,1,9,90.0,22.2,2,5.6,0,10,9,1
Kris Jenkins,129584,DI,MICHIGAN,1,0,0,222,59.1,2,1,35,100.0,5.7,2,0,4.3,0,38,38,3,0,63.1,2,0,15,100.0,13.3,2,6.7,0,16,16,2
Braiden McGregor,129586,ED,MICHIGAN,1,0,0,222,62.0,0,0,7,100.0,14.3,1,1,14.3,1,9,9,1,0,64.1,0,0,4,100.0,25.0,1,25.0,1,5,5,1
R.J. Moten,129589,S,MICHIGAN,1,0,0,222,59.2,0,0,0,8.3,,0,0,,0,12,1,0,0,59.2,0,0,0,20.0,,0,,0,5,1,0
Simeon Barrow Jr.,129606,DI,MICH STATE,1,0,0,223,56.2,0,1,20,100.0,0.0,0,0,2.5,0,20,20,1,0,57.1,0,0,5,100.0,0.0,0,0.0,0,5,5,0
Avery Dunn,129611,ED,MICH STATE,1,1,0,223,68.6,0,0,11,100.0,9.1,1,0,0.0,0,11,11,0,0,60.7,0,0,1,100.0,100.0,1,0.0,0,1,1,0
Cal Haladay,129620,LB,MICH STATE,1,0,0,223,60.1,0,1,6,23.3,0.0,0,0,8.3,0,30,7,1,0,63.1,0,0,3,40.0,0.0,0,0.0,0,10,4,0
Kyle King,129624,ED,BALL ST,1,0,0,117,59.3,0,0,18,100.0,0.0,0,0,5.6,1,19,19,1,0,64.3,0,0,5,100.0,0.0,0,20.0,1,6,6,1
JaQwondis Burns,129644,LB,SMU,1,0,0,287,58.7,0,0,2,15.4,0.0,0,0,0.0,0,13,2,0,0,,0,0,0,,,0,,0,0,0,0
Ali Saad,129666,ED,BOWL GREEN,1,0,0,122,58.9,0,0,1,100.0,0.0,0,1,0.0,0,2,2,0,0,,0,0,0,,,0,,0,0,0,0
Jimari Butler,129679,ED,NEBRASKA,1,0,0,238,57.3,0,0,2,100.0,0.0,0,0,0.0,0,3,3,0,0,59.5,0,0,1,100.0,0.0,0,0.0,0,1,1,0
Niko Cooper,129683,ED,W KENTUCKY,1,0,0,346,54.0,0,0,11,100.0,0.0,0,0,0.0,0,11,11,0,0,56.6,0,0,3,100.0,0.0,0,0.0,0,3,3,0
Isaac Gifford,129689,S,NEBRASKA,1,0,0,238,66.6,1,0,3,8.1,0.0,0,0,16.7,0,37,3,1,0,,0,0,0,0.0,,0,,0,19,0,0
Blaise Gunnerson,129690,ED,NEBRASKA,1,0,0,238,59.6,0,0,1,100.0,0.0,0,0,0.0,0,1,1,0,0,,0,0,0,,,0,,0,0,0,0
Eteva Mauga-Clements,129700,LB,NEBRASKA,1,0,0,238,58.4,0,0,2,12.5,0.0,0,0,0.0,0,16,2,0,0,59.5,0,0,1,11.1,0.0,0,0.0,0,9,1,0
Jordan Butler,129719,DI,NWESTERN,1,0,0,256,56.0,0,0,14,100.0,0.0,0,1,0.0,0,14,14,0,0,56.9,0,0,6,100.0,0.0,0,0.0,0,6,6,0
TeRah Edwards,129723,DI,ILLINOIS,1,0,0,187,58.0,0,0,6,100.0,0.0,0,0,0.0,0,6,6,0,0,58.2,0,0,3,100.0,0.0,0,0.0,0,3,3,0
Gunner Maldonado,129727,CB,ARIZONA,1,0,0,109,59.7,0,0,1,5.3,0.0,0,0,0.0,0,19,1,0,0,,0,0,0,0.0,,0,,0,5,0,0
Sean McLaughlin,129728,ED,NWESTERN,1,0,0,256,62.2,0,1,20,100.0,15.0,3,0,2.5,0,20,20,1,0,56.7,0,1,10,100.0,10.0,1,5.0,0,10,10,1
Greyson Metz,129729,LB,NWESTERN,1,0,0,256,56.4,0,0,7,33.3,0.0,0,0,0.0,0,21,7,0,0,59.4,0,0,1,20.0,0.0,0,0.0,0,5,1,0
Xander Mueller,129731,LB,NWESTERN,1,0,0,256,59.5,0,0,1,3.3,0.0,0,0,0.0,0,30,1,0,0,59.5,0,0,1,9.1,0.0,0,0.0,0,11,1,0
Jacolbe Cowan,129743,ED,N CAROLINA,1,0,0,245,53.9,0,0,18,100.0,0.0,0,0,0.0,0,18,18,0,0,55.1,0,0,6,100.0,0.0,0,0.0,0,6,6,0
Darrion Henry-Young,129748,DI,KENTUCKY,1,0,0,202,59.7,0,0,2,100.0,0.0,0,0,0.0,0,2,2,0,0,,0,0,0,,,0,,0,0,0,0
Cody Simon,129757,LB,OHIO STATE,1,0,0,260,59.5,0,0,1,14.3,0.0,0,0,0.0,0,7,1,0,0,59.5,0,0,1,50.0,0.0,0,0.0,0,2,1,0
Cole Brevard,129766,DI,PURDUE,1,0,0,273,68.3,0,2,9,100.0,22.2,2,0,11.1,0,9,9,2,0,65.8,0,1,3,100.0,33.3,1,16.7,0,3,3,1
Kydran Jenkins,129818,ED,PURDUE,1,0,0,273,55.8,1,1,29,97.1,6.9,2,0,3.4,0,34,33,2,0,56.0,1,0,11,100.0,9.1,1,4.5,0,14,14,1
Anthony Romphf,129830,CB,W MICHIGAN,1,0,0,347,60.0,0,0,1,5.9,0.0,0,1,0.0,0,17,1,0,0,,0,0,0,0.0,,0,,0,8,0,0
Wesley Bailey,129871,ED,RUTGERS,1,0,0,278,72.9,1,5,32,91.9,21.9,7,0,9.4,0,37,34,6,0,68.1,0,4,20,95.5,25.0,5,10.0,0,22,21,4
Rene Konga,129880,ED,RUTGERS,1,1,0,278,94.1,1,1,12,100.0,33.3,4,0,8.3,0,12,12,2,1,95.9,1,1,8,100.0,50.0,4,12.5,0,8,8,2
Aaron Lewis,129884,ED,RUTGERS,1,0,0,278,91.8,6,3,34,100.0,50.0,17,1,16.2,1,38,38,10,0,88.9,4,1,23,100.0,47.8,11,15.2,1,24,24,6
Elijuwan Mack,129888,S,RUTGERS,1,0,0,278,55.9,0,0,3,16.7,0.0,0,0,0.0,0,18,3,0,0,60.0,0,0,1,7.7,0.0,0,0.0,0,13,1,0
Max Melton,129889,CB,RUTGERS,1,0,0,278,55.4,0,0,1,3.8,0.0,0,0,0.0,0,26,1,0,0,55.4,0,0,1,6.3,0.0,0,0.0,0,16,1,0
Tyreem Powell,129900,LB,RUTGERS,1,0,0,278,60.0,1,0,5,15.0,20.0,1,0,10.0,0,40,6,1,0,65.2,1,0,3,11.5,33.3,1,16.7,0,26,3,1
Troy Rainey,129901,DI,RUTGERS,1,0,0,278,62.3,0,0,8,100.0,12.5,1,0,0.0,0,9,9,0,0,63.8,0,0,7,100.0,14.3,1,0.0,0,7,7,0
Ben Barten,129913,DI,WISCONSIN,1,0,0,349,56.6,0,0,9,100.0,0.0,0,0,0.0,0,9,9,0,0,58.4,0,0,2,100.0,0.0,0,0.0,0,2,2,0
Nick Herbig,129920,ED,WISCONSIN,1,0,0,349,77.4,0,3,24,61.5,16.7,4,1,10.4,1,39,24,4,0,66.0,0,2,12,80.0,25.0,3,8.3,0,15,12,2
Kaden Johnson,129921,ED,WISCONSIN,1,0,0,349,58.2,0,0,3,75.0,0.0,0,0,0.0,0,4,3,0,0,,0,0,0,0.0,,0,,0,1,0,0
Cade McDonald,129925,DI,WISCONSIN,1,0,0,349,58.0,1,0,6,100.0,0.0,0,0,8.3,0,6,6,1,0,59.7,0,0,1,100.0,0.0,0,0.0,0,1,1,0
James Thompson Jr.,129930,DI,WISCONSIN,1,0,0,349,61.8,0,3,32,100.0,3.1,1,0,4.7,0,32,32,3,0,54.3,0,2,13,100.0,0.0,0,7.7,0,13,13,2
Charles Amankwaa,130277,CB,AKRON,1,0,0,102,55.4,0,0,1,6.3,0.0,0,0,0.0,0,16,1,0,0,55.4,0,0,1,20.0,0.0,0,0.0,0,5,1,0
Brandon Berger,130326,ED,BALL ST,1,0,0,117,56.0,0,0,4,100.0,0.0,0,0,0.0,0,5,5,0,0,56.1,0,0,3,100.0,0.0,0,0.0,0,4,4,0
Nathan Reichert,130347,DI,BALL ST,1,0,0,117,55.9,0,0,7,100.0,0.0,0,0,0.0,0,8,8,0,0,57.1,0,0,2,100.0,0.0,0,0.0,0,3,3,0
Dontrez Brown,130356,DI,BOWL GREEN,1,0,0,122,64.7,1,0,11,100.0,9.1,1,0,4.5,0,13,13,1,0,70.2,1,0,4,100.0,25.0,1,12.5,0,5,5,1
Demetrius Hardamon,130365,ED,BOWL GREEN,1,0,0,122,63.6,0,0,5,100.0,0.0,0,0,0.0,0,6,6,0,0,64.5,0,0,3,100.0,0.0,0,0.0,0,4,4,0
Anthony Hawkins,130366,DI,BOWL GREEN,1,0,0,122,63.5,0,0,8,100.0,12.5,1,0,12.5,1,10,10,1,0,65.1,0,0,4,100.0,25.0,1,25.0,1,6,6,1
Jordan Porter,130378,ED,BOWL GREEN,1,0,0,122,67.2,0,3,11,100.0,9.1,1,0,13.6,0,14,14,3,0,64.9,0,2,6,100.0,16.7,1,16.7,0,9,9,2
Billie Roberts,130379,DI,BOWL GREEN,1,0,0,122,56.8,0,0,9,100.0,0.0,0,0,0.0,0,10,10,0,0,58.9,0,0,2,100.0,0.0,0,0.0,0,2,2,0
Adrian Wilson,130395,ED,BOWL GREEN,1,0,0,122,60.0,0,0,2,100.0,0.0,0,0,0.0,0,2,2,0,0,,0,0,0,,,0,,0,0,0,0
Shaun Dolac,130406,LB,BUFFALO,1,0,0,126,73.7,0,0,2,7.4,0.0,0,0,0.0,0,54,4,0,0,73.7,0,0,2,17.4,0.0,0,0.0,0,23,4,0
George Wolo,130424,DI,BUFFALO,1,0,0,126,69.6,0,0,14,100.0,21.4,3,0,7.1,1,14,14,1,0,56.2,0,0,7,100.0,0.0,0,0.0,0,7,7,0
Donte Kent,130439,CB,C MICHIGAN,1,0,0,134,75.4,0,1,2,6.5,0.0,0,0,75.0,1,31,2,2,0,,0,0,0,0.0,,0,,0,17,0,0
Mikah Coleman,130451,ED,E MICHIGAN,1,1,1,160,72.9,1,3,17,100.0,11.8,2,1,11.8,0,21,21,4,0,58.9,0,2,8,100.0,12.5,1,12.5,0,9,9,2
Jordan Crawford,130452,DI,E MICHIGAN,1,1,0,160,66.5,0,0,20,100.0,5.0,1,0,5.0,1,23,23,1,1,66.5,0,0,10,100.0,0.0,0,0.0,0,11,11,0
Luke Murphy,130498,LB,KENT STATE,1,0,0,201,63.8,0,1,1,100.0,100.0,1,0,50.0,0,1,1,1,0,63.8,0,1,1,100.0,100.0,1,50.0,0,1,1,1
CJ West,130507,DI,KENT STATE,1,0,0,201,74.7,0,3,13,100.0,15.4,2,0,11.5,0,13,13,3,0,60.0,0,1,1,100.0,100.0,1,50.0,0,1,1,1
John Saunders Jr.,130527,CB,MIAMI OH,1,0,0,221,60.0,0,0,1,2.0,0.0,0,1,0.0,0,51,1,0,0,,0,0,0,0.0,,0,,0,13,0,0
Jaden Dolphin,130547,LB,N ILLINOIS,1,0,0,254,58.0,0,0,2,18.2,0.0,0,0,0.0,0,11,2,0,0,58.8,0,0,1,33.3,0.0,0,0.0,0,3,1,0
Devin Lafayette,130562,S,N ILLINOIS,1,0,0,254,56.7,0,0,1,10.0,0.0,0,0,0.0,0,20,2,0,0,56.7,0,0,1,50.0,0.0,0,0.0,0,4,2,0
DeVonte O'Malley,130569,DI,N ILLINOIS,1,0,0,254,56.6,0,2,13,100.0,7.7,1,0,7.7,0,14,14,2,0,56.8,0,1,3,100.0,0.0,0,16.7,0,4,4,1
Pierce Oppong,130570,ED,N ILLINOIS,1,0,0,254,57.3,0,0,6,100.0,0.0,0,0,0.0,0,6,6,0,0,59.7,0,0,1,100.0,0.0,0,0.0,0,1,1,0
Daveren Rayner,130573,LB,N ILLINOIS,1,0,0,254,70.2,0,0,3,12.0,0.0,0,1,33.3,1,25,3,1,0,,0,0,0,0.0,,0,,0,5,0,0
Eric Rogers,130576,CB,N ILLINOIS,1,0,0,254,58.3,0,0,3,11.1,0.0,0,0,0.0,0,27,3,0,0,,0,0,0,0.0,,0,,0,5,0,0
Ray Thomas,130580,ED,N ILLINOIS,1,0,0,254,56.1,0,0,16,100.0,0.0,0,0,0.0,0,16,16,0,0,57.1,0,0,3,100.0,0.0,0,0.0,0,3,3,0
Shane Bonner,130589,ED,OHIO,1,0,0,259,63.0,0,1,10,100.0,20.0,2,0,5.0,0,12,12,1,0,63.8,0,1,9,100.0,22.2,2,5.6,0,10,10,1
Rodney Mathews,130597,DI,OHIO,1,0,0,259,57.7,0,0,25,100.0,4.0,1,0,0.0,0,25,25,0,0,58.8,0,0,14,100.0,7.1,1,0.0,0,14,14,0
Dylan Stevens,130605,LB,OHIO,1,0,0,259,60.0,0,0,0,3.7,,0,0,,0,27,1,0,0,,0,0,0,0.0,,0,,0,19,0,0
Sawiaha Ellis,130618,LB,TOLEDO,1,0,0,316,59.6,0,0,1,12.5,0.0,0,0,0.0,0,8,1,0,0,,0,0,0,0.0,,0,,0,4,0,0
Quinyon Mitchell,130628,CB,TOLEDO,1,0,0,316,60.0,0,0,1,1.8,0.0,0,0,0.0,0,56,1,0,0,,0,0,0,0.0,,0,,0,22,0,0
Martez Poynter,130629,DI,TOLEDO,1,0,0,316,68.2,0,2,9,100.0,0.0,0,0,11.1,0,9,9,2,0,70.3,0,2,7,100.0,0.0,0,14.3,0,7,7,2
Byron Murphy II,131252,DI,TEXAS,1,0,0,311,66.7,0,0,4,100.0,0.0,0,0,25.0,1,4,4,1,0,69.0,0,0,1,100.0,0.0,0,100.0,1,1,1,1
PJ Ramsey,131513,ED,AIR FORCE,1,0,0,101,56.1,0,1,6,100.0,0.0,0,0,8.3,0,7,7,1,0,59.1,0,0,1,100.0,0.0,0,0.0,0,1,1,0
Paris Shand,131594,DI,ARIZONA,1,0,0,109,55.4,0,1,16,94.4,0.0,0,0,3.1,0,18,17,1,0,57.1,0,0,4,100.0,0.0,0,0.0,0,4,4,0
Dion Wilson Jr.,131600,DI,ARIZONA,1,0,0,109,56.0,0,0,12,100.0,0.0,0,1,0.0,0,13,13,0,0,58.0,0,0,3,100.0,0.0,0,0.0,0,3,3,0
Jaydin Young,131602,CB,ARIZONA,1,0,0,109,59.0,0,0,2,50.0,0.0,0,0,0.0,0,4,2,0,0,,0,0,0,,,0,,0,0,0,0
Joe Moore,131621,ED,ARIZONA ST,1,0,0,110,57.1,3,3,49,100.0,6.1,3,0,6.1,0,52,52,6,0,54.9,2,0,25,100.0,4.0,1,4.0,0,27,27,2
Chip Trayanum,131631,HB,OHIO STATE,1,0,0,260,59.5,0,0,1,14.3,0.0,0,0,0.0,0,7,1,0,0,59.5,0,0,1,50.0,0.0,0,0.0,0,2,1,0
Louie Cresto,131707,ED,NEVADA,1,0,0,239,58.3,0,0,2,100.0,0.0,0,0,0.0,0,2,2,0,0,60.0,0,0,1,100.0,0.0,0,0.0,0,1,1,0
Jayson Jones,131715,DI,AUBURN,1,0,0,115,56.9,0,0,15,100.0,0.0,0,0,0.0,0,15,15,0,0,57.0,0,0,4,100.0,0.0,0,0.0,0,4,4,0
Noah Sewell,131722,LB,OREGON,1,1,0,264,64.4,0,3,15,50.0,6.7,1,0,10.0,0,34,17,3,1,57.8,0,1,6,46.7,0.0,0,8.3,0,15,7,1
Jake Shipley,131723,ED,OREGON,1,0,0,264,58.0,0,0,2,100.0,0.0,0,0,0.0,0,2,2,0,0,59.8,0,0,1,100.0,0.0,0,0.0,0,1,1,0
Bradyn Swinson,131726,ED,OREGON,1,0,0,264,63.1,0,0,5,83.3,20.0,1,0,0.0,0,6,5,0,0,59.1,0,0,1,100.0,0.0,0,0.0,0,1,1,0
Sione Lolohea,131743,ED,OREGON ST,1,0,0,265,66.3,0,3,21,100.0,19.0,4,0,7.1,0,24,24,3,0,56.0,0,0,5,100.0,0.0,0,0.0,0,5,5,0
Rejzohn Wright,131756,CB,OREGON ST,1,0,0,265,52.3,0,0,2,7.9,0.0,0,1,0.0,0,38,3,0,0,55.3,0,0,1,16.7,0.0,0,0.0,0,12,2,0
Lance Keneley,131766,ED,STANFORD,1,0,0,300,58.3,0,1,2,100.0,0.0,0,0,25.0,0,2,2,1,0,,0,0,0,,,0,,0,0,0,0
Tobin Phillips,131776,DI,STANFORD,1,0,0,300,62.8,0,1,29,100.0,3.4,1,0,8.6,2,35,35,3,0,63.6,0,0,16,100.0,0.0,0,12.5,2,18,18,2
Mitchell Agude,131787,ED,MIAMI FL,1,0,0,220,58.0,0,0,21,91.3,0.0,0,0,4.8,1,23,21,1,0,64.3,0,0,6,100.0,0.0,0,16.7,1,6,6,1
Choe Bryant-Strother,131789,LB,UCLA,1,0,0,324,55.8,0,0,3,14.3,0.0,0,0,0.0,0,21,3,0,0,58.3,0,0,1,10.0,0.0,0,0.0,0,10,1,0
Myles Jackson,131795,ED,INDIANA,1,0,0,190,53.8,0,0,11,84.6,0.0,0,0,0.0,0,13,11,0,0,54.3,0,0,8,88.9,0.0,0,0.0,0,9,8,0
JonJon Vaughns,131815,LB,UCLA,1,0,0,324,66.9,0,0,2,25.0,50.0,1,0,0.0,0,8,2,0,0,63.8,0,0,1,25.0,100.0,1,0.0,0,4,1,0
Jamar Sekona,131836,DI,USC,1,0,0,326,64.5,0,1,5,100.0,20.0,1,0,10.0,0,5,5,1,0,58.7,0,0,2,100.0,0.0,0,0.0,0,2,2,0
Tuli Tuipulotu,131840,ED,USC,1,0,0,326,66.7,1,2,26,100.0,7.7,2,0,17.3,3,29,29,6,0,68.1,1,1,11,100.0,18.2,2,27.3,2,12,12,4
Van Fillinger,131852,ED,UTAH,1,0,0,328,62.9,0,0,11,100.0,0.0,0,0,9.1,1,11,11,1,0,,0,0,0,,,0,,0,0,0,0
Kamo'i Latu,131860,S,WISCONSIN,1,0,0,349,60.0,0,0,1,4.5,100.0,1,1,0.0,0,22,1,0,0,,0,0,0,0.0,,0,,0,6,0,0
Connor O'Toole,131869,ED,UTAH,1,0,0,328,56.2,0,0,7,88.9,0.0,0,0,0.0,0,9,8,0,0,58.9,0,0,0,100.0,,0,,0,1,1,0
Clark Phillips III,131871,CB,UTAH,1,0,0,328,59.9,0,0,1,3.8,0.0,0,0,0.0,0,26,1,0,0,,0,0,0,0.0,,0,,0,2,0,0
Junior Tafuna,131877,DI,UTAH,1,0,0,328,58.8,1,0,23,100.0,0.0,0,0,2.2,0,24,24,1,0,58.4,0,0,1,100.0,0.0,0,0.0,0,2,2,0
Aliki Vimahi,131883,DI,UTAH,1,0,0,328,54.7,0,0,22,100.0,0.0,0,0,0.0,0,23,23,0,0,57.8,0,0,1,100.0,0.0,0,0.0,0,2,2,0
Carson Bruener,131889,LB,WASHINGTON,1,0,0,340,60.0,0,0,1,14.3,0.0,0,0,0.0,0,7,1,0,0,,0,0,0,0.0,,0,,0,2,0,0
Cooper McDonald,131903,ED,S DIEGO ST,1,0,0,284,58.6,1,0,11,52.4,9.1,1,0,4.5,0,21,11,1,0,62.7,1,0,5,55.6,20.0,1,10.0,0,9,5,1
Meki Pei,131909,S,HAWAII,1,0,0,180,57.6,0,0,3,7.5,0.0,0,0,0.0,0,40,3,0,0,,0,0,0,0.0,,0,,0,15,0,0
Sav'ell Smalls,131915,ED,WASHINGTON,1,0,0,340,63.1,0,1,7,100.0,0.0,0,0,7.1,0,7,7,1,0,58.9,0,0,1,100.0,0.0,0,0.0,0,1,1,0
Ayden Hector,131933,CB,COLO STATE,1,0,0,144,68.0,1,0,4,8.5,0.0,0,0,12.5,0,47,4,1,0,69.8,1,0,2,11.8,0.0,0,25.0,0,17,2,1
Amir Mujahid,131948,DI,WASH STATE,1,0,0,341,56.6,0,0,10,100.0,0.0,0,0,0.0,0,11,11,0,0,,0,0,0,,,0,,0,0,0,0
Antonio Pule,131952,DI,WASH STATE,1,0,0,341,54.6,0,1,15,100.0,0.0,0,0,3.3,0,17,17,1,0,55.9,0,0,5,100.0,0.0,0,0.0,0,7,7,0
Quinn Roff,131954,ED,WASH STATE,1,0,1,341,70.4,0,1,12,93.3,16.7,2,2,4.2,0,15,14,1,0,60.2,0,1,5,85.7,20.0,1,10.0,0,7,6,1
Jayden Thiergood,132969,DI,AIR FORCE,1,0,0,101,60.7,1,1,26,100.0,3.8,1,0,3.8,0,30,30,2,0,55.0,0,0,5,100.0,0.0,0,0.0,0,6,6,0
Dontay Corleone,133825,DI,CINCINNATI,1,0,0,138,68.8,0,1,7,100.0,14.3,1,0,7.1,0,7,7,1,0,,0,0,0,,,0,,0,0,0,0
Xavier Smith,134137,LB,E CAROLINA,1,0,0,156,62.4,0,0,8,22.2,0.0,0,1,12.5,1,36,8,1,0,67.5,0,0,2,15.4,0.0,0,50.0,1,13,2,1
Neto Okpala,134146,ED,BOSTON COL,1,0,0,121,62.8,0,1,8,100.0,12.5,1,0,6.3,0,8,8,1,0,59.7,0,0,1,100.0,0.0,0,0.0,0,1,1,0
Marvin Pierre,138052,LB,KENT STATE,1,0,0,201,57.4,0,0,3,16.7,0.0,0,0,0.0,0,18,3,0,0,59.5,0,0,1,100.0,0.0,0,0.0,0,1,1,0
Rasheed Lyles,139342,DI,LA TECH,1,0,0,208,60.6,0,2,38,100.0,5.3,2,0,2.6,0,41,41,2,0,56.4,0,1,25,100.0,0.0,0,2.0,0,27,27,1
Tylo Phillips,139397,ED,TULANE,1,0,0,319,71.4,0,3,9,100.0,22.2,2,0,16.7,0,10,10,3,0,,0,0,0,,,0,,0,0,0,0
Quinton Cage,139455,CB,UTSA,1,0,0,331,60.0,0,0,1,33.3,0.0,0,0,0.0,0,3,1,0,0,,0,0,0,,,0,,0,0,0,0
Anthony Campbell,139888,ED,LA MONROE,1,0,0,209,62.3,0,2,8,100.0,12.5,1,0,12.5,0,8,8,2,0,66.5,0,1,2,100.0,50.0,1,25.0,0,2,2,1
Andre Fuller,141775,CB,TOLEDO,1,0,0,316,58.5,0,0,2,4.9,0.0,0,0,0.0,0,41,2,0,0,,0,0,0,0.0,,0,,0,21,0,0
Jaylen Blackwell,143816,LB,BOSTON COL,1,0,0,121,57.8,0,0,3,60.0,0.0,0,0,0.0,0,5,3,0,0,59.2,0,0,1,100.0,0.0,0,0.0,0,1,1,0
Ty Clemons,143821,ED,BOSTON COL,1,0,0,121,57.9,0,0,5,100.0,0.0,0,0,0.0,0,5,5,0,0,,0,0,0,,,0,,0,0,0,0
Donovan Ezeiruaku,143824,ED,BOSTON COL,1,0,0,121,71.4,0,3,28,96.7,14.3,4,0,8.9,1,30,29,4,0,63.4,0,1,4,100.0,25.0,1,12.5,0,4,4,1
Bryce Steele,143838,LB,BOSTON COL,1,0,0,121,66.1,1,0,3,17.6,0.0,0,0,16.7,0,17,3,1,0,67.9,1,0,2,50.0,0.0,0,25.0,0,4,2,1
Owen Stoudmire,143839,DI,BOSTON COL,1,0,0,121,59.3,0,0,2,100.0,0.0,0,0,0.0,0,2,2,0,0,60.0,0,0,1,100.0,0.0,0,0.0,0,1,1,0
Aaron Hall,143855,ED,DUKE,1,0,0,154,56.8,0,1,5,100.0,0.0,0,0,10.0,0,5,5,1,0,57.7,0,1,2,100.0,0.0,0,25.0,0,2,2,1
Brandon Johnson,143858,CB,DUKE,1,0,0,154,64.6,0,1,8,23.7,12.5,1,0,6.3,0,38,9,1,0,63.3,0,0,3,36.4,0.0,0,0.0,0,11,4,0
Nick Morris Jr.,143867,LB,DUKE,1,0,0,154,60.0,0,0,1,5.0,0.0,0,0,0.0,0,20,1,0,0,,0,0,0,0.0,,0,,0,6,0,0
Omarion Cooper,143877,CB,FLORIDA ST,1,0,0,167,59.3,0,0,1,5.9,0.0,0,0,0.0,0,17,1,0,0,,0,0,0,0.0,,0,,0,10,0,0
Joshua Farmer,143880,DI,FLORIDA ST,1,0,0,167,59.8,0,0,13,100.0,0.0,0,1,0.0,0,15,15,0,0,64.4,0,0,3,100.0,0.0,0,0.0,0,5,5,0
Patrick Payton,143893,ED,FLORIDA ST,1,1,0,167,59.4,0,0,9,100.0,0.0,0,0,0.0,0,12,12,0,0,54.4,0,0,5,100.0,0.0,0,0.0,0,8,8,0
Zeek Biggers,143903,DI,GA TECH,1,0,0,176,55.2,0,1,11,100.0,0.0,0,0,4.5,0,14,14,1,0,55.8,0,1,6,100.0,0.0,0,8.3,0,8,8,1
Noah Collins,143908,ED,GA TECH,1,0,0,176,61.7,0,1,8,57.1,12.5,1,0,6.3,0,14,8,1,0,64.3,0,1,5,50.0,20.0,1,10.0,0,10,5,1
Joshua Robinson,143928,ED,GA TECH,1,0,0,176,59.4,0,0,0,100.0,,0,0,,0,1,1,0,0,59.4,0,0,0,100.0,,0,,0,1,1,0
Kamren Kinchens,143946,S,MIAMI FL,1,0,0,220,59.5,0,0,1,3.0,0.0,0,0,0.0,0,33,1,0,0,59.5,0,0,1,10.0,0.0,0,0.0,0,10,1,0
Leonard Taylor III,143953,DI,MIAMI FL,1,0,0,220,75.1,0,2,13,100.0,15.4,2,0,7.7,0,13,13,2,0,57.0,0,0,5,100.0,0.0,0,0.0,0,5,5,0
DeAndre Boykins,143959,CB,N CAROLINA,1,0,0,245,81.8,0,1,3,6.6,33.3,1,0,50.0,1,61,4,2,0,58.3,0,0,1,5.9,0.0,0,0.0,0,17,1,0
Power Echols,143961,LB,N CAROLINA,1,0,0,245,76.3,0,1,4,16.2,25.0,1,0,12.5,0,37,6,1,0,76.7,0,0,1,20.0,100.0,1,0.0,0,10,2,0
Jahvaree Ritzie,143977,DI,N CAROLINA,1,0,0,245,62.1,0,2,27,100.0,7.4,2,0,3.7,0,30,30,2,0,55.9,0,0,6,100.0,0.0,0,0.0,0,8,8,0
Keeshawn Silver,143979,DI,N CAROLINA,1,0,0,245,56.4,0,0,9,100.0,0.0,0,0,0.0,0,9,9,0,0,59.0,0,0,2,100.0,0.0,0,0.0,0,2,2,0
Travali Price,144002,ED,NC STATE,1,0,0,248,69.8,0,0,4,100.0,25.0,1,1,0.0,0,6,6,0,0,59.7,0,0,1,100.0,0.0,0,0.0,0,1,1,0
Javon McIntyre,144029,S,PITTSBURGH,1,0,0,268,58.6,0,1,1,7.7,0.0,0,0,50.0,0,13,1,1,0,,0,0,0,0.0,,0,,0,6,0,0
Da'Shawn Elder,144074,S,MIDDLE TN,1,0,0,224,56.2,0,0,4,30.8,0.0,0,0,0.0,0,13,4,0,0,59.0,0,0,1,25.0,0.0,0,0.0,0,4,1,0
Jaden Keller,144086,LB,VA TECH,1,0,0,337,57.0,0,0,2,16.7,0.0,0,0,0.0,0,12,2,0,0,57.0,0,0,2,66.7,0.0,0,0.0,0,3,2,0
CJ McCray,144091,ED,VA TECH,1,0,0,337,52.8,1,0,17,94.7,0.0,0,0,2.9,0,19,18,1,0,55.0,0,0,4,83.3,0.0,0,0.0,0,6,5,0
Jayden McDonald,144092,LB,VA TECH,1,0,0,337,68.3,0,0,2,21.1,0.0,0,0,50.0,1,19,4,1,0,69.6,0,0,1,33.3,0.0,0,100.0,1,6,2,1
Jorden McDonald,144093,ED,VA TECH,1,0,0,337,59.7,0,0,0,100.0,,0,0,,0,1,1,0,0,,0,0,0,,,0,,0,0,0,0
Cole Nelson,144096,ED,VA TECH,1,0,0,337,56.8,0,1,18,90.5,5.6,1,0,2.8,0,21,19,1,0,54.8,0,0,6,85.7,0.0,0,0.0,0,7,6,0
Barrett Carter,144109,LB,CLEMSON,1,0,0,140,92.0,3,1,16,33.3,18.8,3,0,18.8,1,48,16,5,0,92.1,0,1,8,34.8,25.0,2,18.8,1,23,8,2
Payton Page,144131,DI,CLEMSON,1,0,0,140,60.0,1,0,13,100.0,0.0,0,0,3.8,0,13,13,1,0,64.5,1,0,6,100.0,0.0,0,8.3,0,6,6,1
Jeremiah Trotter Jr.,144142,LB,CLEMSON,1,0,0,140,69.6,0,1,7,28.0,14.3,1,0,7.1,0,25,7,1,0,67.8,0,1,4,40.0,0.0,0,12.5,0,10,4,1
Ryheem Craig,144151,ED,LOUISVILLE,1,0,0,210,66.2,0,1,3,100.0,33.3,1,0,16.7,0,3,3,1,0,66.5,0,1,2,100.0,50.0,1,25.0,0,2,2,1
Ashton Gillotte,144154,DI,LOUISVILLE,1,0,0,210,77.5,1,1,23,96.0,13.0,3,0,8.7,1,25,24,3,0,90.0,1,1,10,91.7,30.0,3,20.0,1,12,11,3
Ben Perry,144172,S,LOUISVILLE,1,0,0,210,60.5,0,2,3,30.0,33.3,1,0,33.3,0,10,3,2,0,56.5,0,1,2,50.0,0.0,0,25.0,0,4,2,1
Quincy Bryant,144181,LB,WAKE,1,0,0,339,60.0,0,0,1,8.3,0.0,0,0,0.0,0,12,1,0,0,60.0,0,0,1,50.0,0.0,0,0.0,0,2,1,0
Bernard Gooden,144189,ED,WAKE,1,0,0,339,56.4,0,0,6,100.0,0.0,0,0,0.0,0,6,6,0,0,,0,0,0,,,0,,0,0,0,0
Dylan Hazen,144192,LB,WAKE,1,0,0,339,71.5,0,1,7,53.8,28.6,2,0,21.4,1,13,7,2,0,59.3,0,0,1,50.0,0.0,0,0.0,0,2,1,0
BJ Williams,144214,ED,WAKE,1,0,0,339,59.7,0,0,1,100.0,0.0,0,0,0.0,0,1,1,0,0,,0,0,0,,,0,,0,0,0,0
Zy Brockington,144261,DI,MEMPHIS,1,0,0,218,53.5,0,0,25,100.0,0.0,0,0,0.0,0,25,25,0,0,54.9,0,0,14,100.0,0.0,0,0.0,0,14,14,0
Greg Rubin,144280,CB,MEMPHIS,1,0,0,218,60.3,0,1,1,1.6,0.0,0,0,50.0,0,63,1,1,0,60.3,0,1,1,3.6,0.0,0,50.0,0,28,1,1
William Whitlow Jr.,144288,ED,MEMPHIS,1,0,0,218,69.2,0,2,20,100.0,20.0,4,0,5.0,0,21,21,2,0,71.0,0,2,12,100.0,25.0,3,8.3,0,13,13,2
Nolan Barber,144290,DI,NAVY,1,0,0,237,55.8,0,0,10,100.0,0.0,0,0,0.0,0,10,10,0,0,57.4,0,0,4,100.0,0.0,0,0.0,0,4,4,0
Tyler Fletcher,144304,LB,NAVY,1,0,0,237,54.4,0,0,7,36.4,0.0,0,0,0.0,0,22,8,0,0,56.9,0,0,2,40.0,0.0,0,0.0,0,5,2,0
Joe Hutson,144317,S,NAVY,1,0,0,237,66.0,1,0,1,6.7,0.0,0,0,50.0,0,15,1,1,0,,0,0,0,0.0,,0,,0,5,0,0
Colin Ramos,144338,LB,NAVY,1,0,0,237,58.6,0,0,2,11.8,0.0,0,0,0.0,0,17,2,0,0,,0,0,0,0.0,,0,,0,3,0,0
Justin Reed,144339,ED,NAVY,1,0,0,237,55.5,0,0,8,100.0,0.0,0,0,0.0,0,9,9,0,0,57.4,0,0,3,100.0,0.0,0,0.0,0,3,3,0
Nazir Rogers,144341,ED,NAVY,1,1,0,237,68.3,1,0,2,40.0,0.0,0,0,25.0,0,5,2,1,0,59.2,0,0,1,33.3,0.0,0,0.0,0,3,1,0
Jianni Woodson-Brooks,144353,LB,NAVY,1,0,0,237,88.0,3,1,6,35.3,33.3,2,0,33.3,0,17,6,4,0,76.6,1,1,3,100.0,66.7,2,33.3,0,3,3,2
Je'lin Samuels,144376,ED,SMU,1,0,0,287,60.6,0,2,9,100.0,22.2,2,0,11.1,0,9,9,2,0,63.2,0,2,5,100.0,40.0,2,20.0,0,5,5,2
Keith Cooper Jr.,144409,ED,TULANE,1,0,0,319,64.3,0,1,21,100.0,14.3,3,0,2.4,0,22,22,1,0,70.2,0,1,5,100.0,40.0,2,10.0,0,5,5,1
Devean Deal,144411,ED,TULANE,1,1,0,319,89.4,1,1,12,56.5,25.0,3,0,8.3,0,23,13,2,0,90.2,1,1,3,100.0,66.7,2,33.3,0,3,3,2
Owen Ostroski,144450,ED,TULSA,1,0,0,320,66.1,0,0,3,100.0,33.3,1,0,0.0,0,4,4,0,0,60.0,0,0,0,100.0,,0,,0,1,1,0
BJ Adams,144452,CB,UCF,1,0,0,323,57.2,0,0,1,2.9,0.0,0,1,0.0,0,35,1,0,0,57.2,0,0,1,5.6,0.0,0,0.0,0,18,1,0
Matthew Alexander,144453,DI,UCF,1,0,0,323,53.2,0,1,25,100.0,0.0,0,1,2.0,0,29,29,1,0,53.6,0,0,16,100.0,0.0,0,0.0,0,19,19,0
Davon Hicks,144482,LB,USF,1,0,0,327,64.5,0,0,0,25.0,,0,0,,0,4,1,0,0,,0,0,0,,,0,,0,0,0,0
De'Juan Sease,144494,DI,USF,1,0,0,327,58.1,0,0,4,100.0,0.0,0,0,0.0,0,4,4,0,0,60.0,0,0,1,100.0,0.0,0,0.0,0,1,1,0
Tyler Onyedim,144547,ED,IOWA STATE,1,0,0,193,57.4,0,0,2,100.0,0.0,0,0,0.0,0,2,2,0,0,58.8,0,0,1,100.0,0.0,0,0.0,0,1,1,0
Carston Marshall,144551,CB,IOWA STATE,1,0,0,193,57.9,0,0,2,100.0,0.0,0,0,0.0,0,2,2,0,0,,0,0,0,,,0,,0,0,0,0
D.J. Withers,144582,DI,KANSAS,1,0,0,198,81.3,1,0,5,100.0,20.0,1,0,10.0,0,5,5,1,0,,0,0,0,,,0,,0,0,0,0
Tommy Dunn Jr.,144584,DI,KANSAS,1,0,0,198,56.7,0,0,6,100.0,0.0,0,0,0.0,0,6,6,0,0,57.1,0,0,4,100.0,0.0,0,0.0,0,4,4,0
Desmond Purnell,144611,LB,KANSAS ST,1,1,0,199,65.6,0,1,9,31.0,11.1,1,0,5.6,0,29,9,1,0,56.3,0,0,2,50.0,0.0,0,0.0,0,4,2,0
Isaiah Coe,144619,DI,OKLAHOMA,1,0,0,261,58.4,0,0,5,100.0,0.0,0,0,0.0,0,5,5,0,0,,0,0,0,,,0,,0,0,0,0
Danny Stutsman,144632,LB,OKLAHOMA,1,0,0,261,55.2,0,0,5,14.3,0.0,0,0,0.0,0,35,5,0,0,59.7,0,0,1,50.0,0.0,0,0.0,0,2,1,0
Ethan Downs,144636,ED,OKLAHOMA,1,1,0,261,65.0,1,1,21,100.0,9.5,2,0,4.8,0,22,22,2,0,,0,0,0,,,0,,0,0,0,0
Kelvin Gilliam Jr.,144637,DI,OKLAHOMA,1,0,0,261,58.8,0,0,4,100.0,0.0,0,0,0.0,0,4,4,0,0,,0,0,0,,,0,,0,0,0,0
Nathan Latu,144647,ED,OKLA STATE,1,0,0,262,58.7,0,0,2,100.0,0.0,0,0,0.0,0,2,2,0,0,59.8,0,0,1,100.0,0.0,0,0.0,0,1,1,0
Collin Oliver,144664,ED,OKLA STATE,1,0,0,262,61.5,1,2,34,80.0,2.9,1,0,4.4,0,45,36,3,0,54.8,0,0,18,100.0,0.0,0,0.0,0,19,19,0
Kendal Daniels,144668,S,OKLA STATE,1,0,0,262,57.7,0,1,3,12.1,0.0,0,1,16.7,0,33,4,1,0,47.4,0,1,1,10.0,0.0,0,50.0,0,10,1,1
Barryn Sorrell,144739,ED,TEXAS,1,0,0,311,56.0,0,0,7,100.0,0.0,0,0,0.0,0,7,7,0,0,59.1,0,0,1,100.0,0.0,0,0.0,0,1,1,0
Kenenna Odeluga,144818,LB,ILLINOIS,1,0,0,187,66.4,0,1,13,100.0,15.4,2,0,11.5,1,15,15,2,0,67.6,0,1,12,100.0,16.7,2,12.5,1,14,14,2
Kalen Villanueva,144821,LB,LA TECH,1,0,0,208,59.4,0,0,1,25.0,0.0,0,0,0.0,0,4,1,0,0,59.4,0,0,1,50.0,0.0,0,0.0,0,2,1,0
Matt Hohlt,144843,LB,INDIANA,1,0,0,190,55.5,0,0,4,57.1,0.0,0,0,0.0,0,7,4,0,0,57.4,0,0,2,100.0,0.0,0,0.0,0,2,2,0
Cooper DeJean,144867,CB,IOWA,1,0,0,192,56.4,0,0,4,11.8,0.0,0,1,0.0,0,34,4,0,0,59.9,0,0,1,12.5,0.0,0,0.0,0,8,1,0
Gereme Spraggins,144881,LB,MARYLAND,1,0,0,215,65.5,0,0,1,12.5,100.0,1,0,0.0,0,8,1,0,0,65.5,0,0,1,50.0,100.0,1,0.0,0,2,1,0
Dante Trader Jr.,144900,S,MARYLAND,1,0,0,215,59.9,0,0,0,2.4,,0,0,,0,42,1,0,0,,0,0,0,0.0,,0,,0,13,0,0
Taizse Johnson,144902,DI,MARYLAND,1,0,0,215,45.7,0,2,3,100.0,0.0,0,0,33.3,0,3,3,2,0,45.7,0,2,3,100.0,0.0,0,33.3,0,3,3,2
Tommy Akingbesote,144906,DI,MARYLAND,1,0,0,215,61.6,0,1,8,100.0,12.5,1,0,6.3,0,9,9,1,0,66.9,0,1,2,100.0,50.0,1,25.0,0,2,2,1
Darrell Jackson Jr.,144910,DI,MIAMI FL,1,0,0,220,66.2,0,2,14,100.0,7.1,1,0,14.3,1,14,14,3,0,73.0,0,1,5,100.0,20.0,1,30.0,1,5,5,2
Rayshaun Benny,144933,DI,MICHIGAN,1,0,0,222,72.3,0,1,12,100.0,16.7,2,0,4.2,0,14,14,1,0,78.8,0,1,5,100.0,40.0,2,10.0,0,6,6,1
Ma'a Gaoteote,144957,LB,MICH STATE,1,0,0,223,60.0,0,0,1,100.0,0.0,0,0,0.0,0,1,1,0,0,,0,0,0,,,0,,0,0,0,0
Derrick Harmon,144962,DI,MICH STATE,1,0,0,223,61.4,0,1,19,100.0,0.0,0,1,7.9,1,20,20,2,0,64.4,0,1,6,100.0,0.0,0,25.0,1,7,7,2
Theran Johnson,145045,CB,NWESTERN,1,0,0,256,66.9,0,0,1,9.1,100.0,1,0,0.0,0,11,1,0,0,66.9,0,0,1,25.0,100.0,1,0.0,0,4,1,0
Aidan Hubbard,145048,ED,NWESTERN,1,0,0,256,54.3,0,0,10,83.3,0.0,0,0,0.0,0,12,10,0,0,55.4,0,0,5,83.3,0.0,0,0.0,0,6,5,0
Najee Story,145049,DI,NWESTERN,1,0,0,256,58.6,0,0,5,100.0,0.0,0,0,0.0,0,5,5,0,0,,0,0,0,,,0,,0,0,0,0
Carmine Bastone,145050,DI,NWESTERN,1,0,0,256,59.5,0,0,1,100.0,0.0,0,0,0.0,0,1,1,0,0,,0,0,0,,,0,,0,0,0,0
Jack Sawyer,145071,ED,OHIO STATE,1,0,0,260,54.5,0,0,15,100.0,0.0,0,0,0.0,0,16,16,0,0,55.1,0,0,4,100.0,0.0,0,0.0,0,5,5,0
JT Tuimoloau,145074,ED,OHIO STATE,1,0,0,260,68.9,0,2,15,100.0,13.3,2,0,6.7,0,19,19,2,0,71.0,0,2,6,100.0,33.3,2,16.7,0,8,8,2
Michael Hall Jr.,145076,DI,OHIO STATE,1,0,0,260,76.9,0,0,6,100.0,16.7,1,0,50.0,3,8,8,3,0,79.2,0,0,4,100.0,25.0,1,75.0,3,6,6,3
Tyleik Williams,145080,DI,OHIO STATE,1,0,0,260,63.3,0,1,7,100.0,14.3,1,0,7.1,0,8,8,1,0,63.2,0,1,1,100.0,100.0,1,50.0,0,1,1,1
Yannis Karlaftis,145120,ED,PURDUE,1,0,0,273,57.7,0,0,2,100.0,0.0,0,0,0.0,0,2,2,0,0,57.7,0,0,2,100.0,0.0,0,0.0,0,2,2,0
Khordae Sydnor,145124,ED,PURDUE,1,0,0,273,60.6,0,0,21,100.0,9.5,2,0,9.5,2,22,22,2,0,68.6,0,0,6,100.0,33.3,2,33.3,2,7,7,2
Jordan Thompson,145140,ED,RUTGERS,1,0,0,278,54.9,0,1,5,100.0,0.0,0,0,10.0,0,6,6,1,0,55.4,0,1,5,100.0,0.0,0,10.0,0,5,5,1
Kyonte Hamilton,145148,DI,RUTGERS,1,0,0,278,69.6,0,2,14,100.0,21.4,3,0,7.1,0,16,16,2,0,73.1,0,2,10,100.0,30.0,3,10.0,0,10,10,2
Ryan Keeler,145154,ED,UNLV,1,0,0,325,60.0,0,0,1,50.0,0.0,0,0,0.0,0,2,1,0,0,,0,0,0,,,0,,0,0,0,0
T.J. Bollers,145165,ED,WISCONSIN,1,0,0,349,60.0,0,0,1,50.0,0.0,0,0,0.0,0,2,1,0,0,,0,0,0,,,0,,0,0,0,0
Jake Chaney,145167,LB,WISCONSIN,1,0,0,349,68.4,4,0,10,25.0,0.0,0,0,20.0,0,40,10,4,0,68.8,4,0,9,52.9,0.0,0,22.2,0,17,9,4
Darryl Peterson,145175,ED,WISCONSIN,1,0,0,349,55.4,0,1,10,52.6,0.0,0,0,5.0,0,19,10,1,0,55.9,0,1,5,50.0,0.0,0,10.0,0,10,5,1
Brian Blades II,145225,CB,FIU,1,0,0,166,68.6,0,1,1,6.3,100.0,1,0,50.0,0,16,1,1,0,,0,0,0,0.0,,0,,0,5,0,0
Demetrius Hill,145227,S,FIU,1,0,0,166,69.9,0,0,1,7.4,0.0,0,0,0.0,0,27,2,0,0,,0,0,0,0.0,,0,,0,8,0,0
Gaethan Bernadel,145230,LB,FIU,1,0,0,166,64.0,0,0,3,13.6,33.3,1,0,0.0,0,22,3,0,0,58.9,0,0,1,20.0,0.0,0,0.0,0,5,1,0
Keegan Davis,145234,ED,FIU,1,0,0,166,59.5,0,0,15,100.0,6.7,1,0,6.7,1,15,15,1,0,55.0,0,0,4,100.0,0.0,0,0.0,0,4,4,0
Travonte O'Neal,145235,ED,FIU,1,0,0,166,58.6,0,0,4,80.0,0.0,0,0,0.0,0,5,4,0,0,59.7,0,0,1,100.0,0.0,0,0.0,0,1,1,0
Jordan Guerad,145236,DI,FIU,1,0,0,166,76.0,0,3,16,100.0,12.5,2,0,9.4,0,17,17,3,0,81.1,0,1,5,100.0,20.0,1,10.0,0,5,5,1
BeeJay Williamson,145255,S,LA TECH,1,0,0,208,59.0,0,0,1,1.8,0.0,0,0,0.0,0,56,1,0,0,59.0,0,0,1,2.7,0.0,0,0.0,0,37,1,0
J'Dan Burnett,145260,ED,LA TECH,1,0,0,208,58.2,0,0,20,95.5,0.0,0,0,0.0,0,22,21,0,0,59.7,0,0,15,94.1,0.0,0,0.0,0,17,16,0
Deonte Stanley,145313,CB,MIDDLE TN,1,0,0,224,58.3,0,0,0,10.0,,0,0,,0,10,1,0,0,,0,0,0,0.0,,0,,0,2,0,0
Damonte Smith,145315,DI,MIDDLE TN,1,0,0,224,67.4,0,1,13,100.0,15.4,2,1,3.8,0,14,14,1,0,66.5,0,1,5,100.0,20.0,1,10.0,0,5,5,1
Brendan Toles,145431,CB,SO MISS,1,0,0,296,55.3,0,0,1,28.6,0.0,0,0,0.0,0,7,2,0,0,59.0,0,0,1,33.3,0.0,0,0.0,0,3,1,0
Jay Jones,145432,S,SO MISS,1,0,0,296,60.0,1,0,1,14.3,0.0,0,0,50.0,0,7,1,1,0,,0,0,0,0.0,,0,,0,3,0,0
Tevita Tafuna,145508,DI,UTEP,1,0,0,330,57.6,0,0,4,100.0,0.0,0,0,0.0,0,5,5,0,0,,0,0,0,,,0,,0,0,0,0
Jimmori Robinson,145523,ED,UTSA,1,0,0,331,54.5,0,0,10,76.9,0.0,0,1,0.0,0,13,10,0,0,56.1,0,0,3,75.0,0.0,0,0.0,0,4,3,0
Ronald Triplette,145524,ED,UTSA,1,0,0,331,54.6,0,0,14,100.0,0.0,0,0,0.0,0,15,15,0,0,57.0,0,0,3,100.0,0.0,0,0.0,0,3,3,0
Trey Moore,145527,ED,UTSA,1,0,0,331,60.6,0,1,21,72.4,9.5,2,0,2.4,0,29,21,1,0,59.8,0,0,8,88.9,12.5,1,0.0,0,9,8,0
Ryan Johnson,145582,ED,AKRON,1,0,0,102,79.6,0,2,8,72.7,50.0,4,0,12.5,0,11,8,2,0,76.6,0,1,2,50.0,100.0,2,25.0,0,4,2,1
Andrew Behm,145595,LB,AKRON,1,0,0,102,57.6,0,0,2,22.2,0.0,0,0,0.0,0,9,2,0,0,57.6,0,0,2,50.0,0.0,0,0.0,0,4,2,0
Rishad Hence,145605,CB,AKRON,1,0,0,102,58.9,0,0,1,16.7,0.0,0,0,0.0,0,6,1,0,0,58.9,0,0,1,33.3,0.0,0,0.0,0,3,1,0
Darrian Lewis,145611,CB,AKRON,1,0,0,102,47.6,0,1,1,4.8,0.0,0,0,50.0,0,21,1,1,0,47.6,0,1,1,14.3,0.0,0,50.0,0,7,1,1
Dierre Kelly,145652,DI,BOWL GREEN,1,0,0,122,59.5,0,0,3,100.0,0.0,0,0,0.0,0,3,3,0,0,,0,0,0,,,0,,0,0,0,0
Cashius Howell,145655,ED,BOWL GREEN,1,0,0,122,58.9,0,0,2,66.7,0.0,0,0,0.0,0,3,2,0,0,,0,0,0,0.0,,0,,0,1,0,0
Daymond Williams,145667,DI,BUFFALO,1,0,0,126,66.6,1,4,34,100.0,11.8,4,1,7.4,0,36,36,5,0,58.0,1,1,12,100.0,16.7,2,8.3,0,14,14,2
Daishon Folsom,145669,DI,BUFFALO,1,0,0,126,63.5,0,1,18,100.0,5.6,1,0,8.3,1,18,18,2,0,62.3,0,1,8,100.0,12.5,1,6.3,0,8,8,1
Thomas Incoom,145694,ED,C MICHIGAN,1,0,0,134,74.1,0,1,27,100.0,22.2,6,0,5.6,1,27,27,2,0,72.4,0,0,16,100.0,31.3,5,6.3,1,16,16,1
Quindario Lee,145707,DI,C MICHIGAN,1,0,0,134,59.6,0,0,2,100.0,0.0,0,0,0.0,0,2,2,0,0,,0,0,0,,,0,,0,0,0,0
Dakota Cochran,145721,LB,C MICHIGAN,1,0,0,134,60.0,0,0,1,8.3,0.0,0,0,0.0,0,12,1,0,0,,0,0,0,0.0,,0,,0,5,0,0
DJ Stepney,145727,CB,C MICHIGAN,1,0,0,134,59.7,0,0,1,5.6,0.0,0,0,0.0,0,18,1,0,0,59.7,0,0,1,10.0,0.0,0,0.0,0,10,1,0
Michael Heldman,145731,ED,C MICHIGAN,1,0,0,134,64.0,0,0,16,100.0,12.5,2,0,0.0,0,16,16,0,0,69.2,0,0,5,100.0,40.0,2,0.0,0,5,5,0
Kyle Moretti,145740,LB,C MICHIGAN,1,0,0,134,54.9,0,1,3,10.7,0.0,0,0,16.7,0,28,3,1,0,55.1,0,1,2,12.5,0.0,0,25.0,0,16,2,1
Jason Williams,145743,DI,C MICHIGAN,1,0,0,134,60.8,0,0,14,100.0,7.1,1,0,0.0,0,14,14,0,0,62.1,0,0,8,100.0,12.5,1,0.0,0,8,8,0
Carter Evans,145757,ED,E MICHIGAN,1,0,0,160,53.8,1,0,17,83.3,0.0,0,0,2.9,0,24,20,1,0,54.2,0,0,9,100.0,0.0,0,0.0,0,11,11,0
Peyton Price,145760,DI,E MICHIGAN,1,0,0,160,60.0,1,1,31,100.0,6.5,2,0,3.2,0,33,33,2,0,63.4,1,1,16,100.0,12.5,2,6.3,0,16,16,2
Melvin Swindle II,145766,DI,E MICHIGAN,1,0,0,160,56.4,0,0,6,100.0,0.0,0,1,0.0,0,9,9,0,0,57.4,0,0,3,100.0,0.0,0,0.0,0,4,4,0
Saivon Taylor-Davis,145769,ED,KENT STATE,1,0,0,201,64.2,0,0,6,85.7,16.7,1,0,0.0,0,7,6,0,0,59.7,0,0,1,50.0,0.0,0,0.0,0,2,1,0
Nasir Washington,145801,DI,MIAMI OH,1,0,0,221,55.2,0,0,15,100.0,0.0,0,0,0.0,0,16,16,0,0,56.2,0,0,6,100.0,0.0,0,0.0,0,6,6,0
Caiden Woullard,145806,ED,MIAMI OH,1,1,0,221,58.7,0,2,40,100.0,5.0,2,0,2.5,0,42,42,2,1,61.1,0,2,13,100.0,7.7,1,7.7,0,13,13,2
Cade Haberman,145855,DI,N ILLINOIS,1,0,0,254,58.9,0,0,6,100.0,0.0,0,0,0.0,0,6,6,0,0,,0,0,0,,,0,,0,0,0,0
Jeremiah Peters,145915,ED,TOLEDO,1,0,0,316,59.5,0,0,1,100.0,0.0,0,0,0.0,0,1,1,0,0,59.5,0,0,1,100.0,0.0,0,0.0,0,1,1,0
Mason Nelson,145927,DI,W MICHIGAN,1,0,0,347,59.5,0,0,2,100.0,0.0,0,0,0.0,0,2,2,0,0,60.0,0,0,1,100.0,0.0,0,0.0,0,1,1,0
Joshua Nobles,145930,ED,W MICHIGAN,1,0,0,347,55.9,0,0,5,100.0,0.0,0,0,0.0,0,6,6,0,0,56.2,0,0,3,100.0,0.0,0,0.0,0,4,4,0
Corey Walker,145937,ED,W MICHIGAN,1,0,0,347,64.6,0,1,3,100.0,33.3,1,0,16.7,0,4,4,1,0,57.5,0,0,2,100.0,0.0,0,0.0,0,3,3,0
Tyson Lee,145943,ED,W MICHIGAN,1,1,0,347,65.0,0,0,6,100.0,0.0,0,0,0.0,0,6,6,0,0,57.1,0,0,3,100.0,0.0,0,0.0,0,3,3,0
Elijah Hawk,145952,ED,W MICHIGAN,1,0,0,347,60.0,0,0,1,100.0,0.0,0,0,0.0,0,1,1,0,0,,0,0,0,,,0,,0,0,0,0
Elijah Brockman,145956,DI,AIR FORCE,1,0,0,101,58.4,0,0,2,100.0,0.0,0,0,0.0,0,2,2,0,0,59.8,0,0,1,100.0,0.0,0,0.0,0,1,1,0
Bo Richter,145962,ED,AIR FORCE,1,0,0,101,62.7,0,0,4,100.0,25.0,1,0,0.0,0,5,5,0,0,64.5,0,0,1,100.0,100.0,1,0.0,0,1,1,0
Andrew Simpson,145978,LB,BOISE ST,1,0,0,120,59.5,0,1,1,50.0,0.0,0,0,50.0,0,2,1,1,0,59.5,0,1,1,50.0,0.0,0,50.0,0,2,1,1
Ty Tanner,145987,LB,BOISE ST,1,0,0,120,59.5,0,0,1,50.0,0.0,0,0,0.0,0,2,1,0,0,59.5,0,0,1,50.0,0.0,0,0.0,0,2,1,0
Ahmed Hassanein,145990,ED,BOISE ST,1,0,0,120,58.9,0,0,13,92.9,7.7,1,0,0.0,0,14,13,0,0,64.3,0,0,4,80.0,25.0,1,0.0,0,5,4,0
Drew Kulick,146011,LB,COLO STATE,1,0,0,144,53.1,0,1,6,27.3,0.0,0,1,8.3,0,22,6,1,0,54.7,0,1,4,40.0,0.0,0,12.5,0,10,4,1
Mukendi Wa-Kalonji,146012,ED,COLO STATE,1,0,0,144,58.4,0,0,5,100.0,0.0,0,0,0.0,0,5,5,0,0,59.8,0,0,1,100.0,0.0,0,0.0,0,1,1,0
Grady Kelly,146014,DI,COLO STATE,1,0,0,144,74.3,1,6,31,100.0,22.6,7,1,11.3,0,32,32,7,0,64.2,0,3,12,100.0,16.7,2,12.5,0,12,12,3
Tyler Quinn,146026,DI,COLO STATE,1,0,0,144,73.0,0,1,6,100.0,16.7,1,0,8.3,0,7,7,1,0,68.4,0,1,3,100.0,33.3,1,16.7,0,3,3,1
Cale Sanders Jr.,146036,CB,FRESNO ST,1,0,0,169,58.3,0,0,1,4.5,0.0,0,0,0.0,0,22,1,0,0,,0,0,0,0.0,,0,,0,6,0,0
Al'zillion Hamilton,146042,CB,FRESNO ST,1,0,0,169,56.4,0,0,3,75.0,0.0,0,0,0.0,0,4,3,0,0,57.7,0,0,1,100.0,0.0,0,0.0,0,1,1,0
Emari Pait,146055,CB,FRESNO ST,1,0,0,169,60.0,0,0,1,20.0,0.0,0,0,0.0,0,5,1,0,0,60.0,0,0,1,100.0,0.0,0,0.0,0,1,1,0
Tariq Jones,146073,ED,HAWAII,1,0,0,180,58.9,0,0,12,100.0,0.0,0,0,8.3,1,12,12,1,0,53.9,0,0,8,100.0,0.0,0,0.0,0,8,8,0
Dwight Togiola,146089,ED,NEVADA,1,0,0,239,55.3,0,1,8,100.0,0.0,0,0,6.3,0,8,8,1,0,56.9,0,0,3,100.0,0.0,0,0.0,0,3,3,0
Drue Watts,146094,LB,NEVADA,1,0,0,239,72.6,0,2,6,41.2,16.7,1,0,33.3,1,17,7,3,0,68.5,0,2,5,60.0,20.0,1,20.0,0,10,6,2
Dion Washington,146096,DI,NEVADA,1,0,0,239,54.7,0,0,10,100.0,0.0,0,0,0.0,0,10,10,0,0,55.4,0,0,4,100.0,0.0,0,0.0,0,4,4,0
Ronald Wilson,146133,S,NEW MEXICO,1,0,0,241,59.5,0,1,2,8.0,0.0,0,1,25.0,0,25,2,1,0,,0,0,0,0.0,,0,,0,14,0,0
Alec Marenco,146136,LB,NEW MEXICO,1,0,0,241,57.6,0,0,2,100.0,0.0,0,0,0.0,0,2,2,0,0,57.6,0,0,2,100.0,0.0,0,0.0,0,2,2,0
Darrion Dalton,146142,DI,S DIEGO ST,1,0,0,284,58.0,0,0,4,100.0,0.0,0,0,0.0,0,4,4,0,0,60.0,0,0,1,100.0,0.0,0,0.0,0,1,1,0
Zyrus Fiaseu,146160,LB,S DIEGO ST,1,0,0,284,62.0,1,0,8,36.4,0.0,0,0,6.3,0,22,8,1,0,55.7,0,0,4,40.0,0.0,0,0.0,0,10,4,0
CJ Baskerville,146166,S,S DIEGO ST,1,0,0,284,59.9,0,0,1,2.9,0.0,0,0,0.0,0,35,1,0,0,59.9,0,0,1,6.7,0.0,0,0.0,0,15,1,0
Marcel Sanders,146180,ED,S JOSE ST,1,0,0,285,56.2,0,0,7,100.0,0.0,0,0,0.0,0,8,8,0,0,57.3,0,0,3,100.0,0.0,0,0.0,0,3,3,0
Bryun Parham,146184,LB,S JOSE ST,1,0,0,285,69.1,0,1,2,9.1,50.0,1,0,25.0,0,22,2,1,0,69.1,0,1,2,20.0,50.0,1,25.0,0,10,2,1
Jerrae Williams,146191,CB,UNLV,1,0,0,325,57.7,0,0,3,8.3,0.0,0,1,0.0,0,36,3,0,0,59.4,0,0,1,7.7,0.0,0,0.0,0,13,1,0
Anthony Sagapolutele,146197,DI,HAWAII,1,0,0,180,62.0,0,0,7,100.0,14.3,1,0,0.0,0,8,8,0,0,64.0,0,0,4,100.0,25.0,1,0.0,0,5,5,0
Johnathan Baldwin,146214,S,UNLV,1,0,0,325,59.7,0,0,1,5.3,0.0,0,0,0.0,0,38,2,0,0,,0,0,0,0.0,,0,,0,13,0,0
Aurion Peoples,146218,DI,UTAH ST,1,0,0,329,60.0,0,0,1,100.0,0.0,0,0,0.0,0,1,1,0,0,60.0,0,0,1,100.0,0.0,0,0.0,0,1,1,0
Bo Maile,146227,DI,UTAH ST,1,0,0,329,60.0,0,0,1,100.0,0.0,0,0,0.0,0,1,1,0,0,,0,0,0,,,0,,0,0,0,0
Kolbe Cage,146250,LB,ARIZONA,1,0,0,109,55.4,0,0,7,38.1,0.0,0,0,0.0,0,21,8,0,0,59.5,0,0,1,33.3,0.0,0,0.0,0,3,1,0
Jackson Bailey,146256,ED,LA MONROE,1,0,0,209,59.2,0,0,1,33.3,0.0,0,0,0.0,0,3,1,0,0,59.2,0,0,1,100.0,0.0,0,0.0,0,1,1,0
Evan Branch-Haynes,146264,DI,ARIZONA,1,0,0,109,58.6,0,0,3,100.0,0.0,0,1,0.0,0,4,4,0,0,,0,0,0,,,0,,0,0,0,0
B.J. Green II,146277,ED,ARIZONA ST,1,0,0,110,64.3,1,0,13,100.0,15.4,2,2,11.5,1,14,14,2,0,62.8,0,0,7,100.0,14.3,1,14.3,1,8,8,1
Eric Gentry,146280,LB,USC,1,0,0,326,48.8,0,1,2,7.1,50.0,1,0,25.0,0,42,3,1,0,40.5,0,1,1,10.5,0.0,0,50.0,0,19,2,1
Gharin Stansbury,146281,ED,ARIZONA ST,1,0,0,110,58.2,0,0,2,100.0,0.0,0,0,0.0,0,3,3,0,0,58.5,0,0,1,100.0,0.0,0,0.0,0,2,2,0
Anthony Franklin,146379,DI,STANFORD,1,0,0,300,54.0,0,0,17,100.0,0.0,0,0,0.0,0,21,21,0,0,54.6,0,0,11,100.0,0.0,0,0.0,0,12,12,0
Aaron Armitage,146382,ED,STANFORD,1,0,0,300,63.0,1,0,9,100.0,0.0,0,0,5.6,0,13,13,1,0,59.9,1,0,5,100.0,0.0,0,10.0,0,7,7,1
Jay Toia,146406,DI,UCLA,1,0,0,324,55.2,0,0,14,100.0,0.0,0,1,0.0,0,15,15,0,0,56.7,0,0,6,100.0,0.0,0,0.0,0,6,6,0
Karene Reid,146447,LB,UTAH,1,0,0,328,60.0,0,2,6,26.9,0.0,0,1,16.7,0,26,7,2,0,56.4,0,0,1,100.0,0.0,0,0.0,0,2,2,0
Cole Bishop,146454,S,UTAH,1,0,0,328,56.7,0,1,3,11.5,0.0,0,0,16.7,0,26,3,1,0,,0,0,0,0.0,,0,,0,2,0,0
Simote Pepa,146457,DI,UTAH,1,0,0,328,57.4,0,0,5,100.0,0.0,0,0,0.0,0,5,5,0,0,,0,0,0,,,0,,0,0,0,0
Jonah Elliss,146458,ED,UTAH,1,0,0,328,58.8,0,1,16,100.0,6.3,1,0,3.1,0,16,16,1,0,59.2,0,0,1,100.0,0.0,0,0.0,0,1,1,0
Voi Tunuufi,146487,DI,WASHINGTON,1,0,0,340,63.2,0,1,18,100.0,5.6,1,2,2.8,0,19,19,1,0,65.4,0,1,5,100.0,20.0,1,10.0,0,5,5,1
Jaden Hicks,146512,S,WASH STATE,1,0,0,341,63.1,0,0,3,10.8,33.3,1,1,0.0,0,37,4,0,0,64.3,0,0,3,21.4,33.3,1,0.0,0,14,3,0
Raam Stevenson,146517,ED,WASH STATE,1,0,0,341,56.1,0,0,2,100.0,0.0,0,0,0.0,0,3,3,0,0,58.8,0,0,0,100.0,,0,,0,1,1,0
Lawrence Falatea,146520,ED,WASH STATE,1,0,0,341,65.0,0,0,3,100.0,0.0,0,0,0.0,0,5,5,0,0,68.2,0,0,0,100.0,,0,,0,2,2,0
Francisco Mauigoa,146521,LB,WASH STATE,1,0,0,341,55.5,0,0,3,10.7,0.0,0,0,0.0,0,28,3,0,0,56.4,0,0,2,25.0,0.0,0,0.0,0,8,2,0
David Gusta,146524,DI,WASH STATE,1,0,0,341,56.4,0,0,10,100.0,0.0,0,0,0.0,0,11,11,0,0,,0,0,0,,,0,,0,0,0,0
Andrew Edson,146529,ED,WASH STATE,1,0,0,341,56.8,0,0,1,100.0,0.0,0,1,0.0,0,4,4,0,0,58.4,0,0,0,100.0,,0,,0,2,2,0
Jeffrey Bassa,146552,LB,OREGON,1,0,0,264,69.7,0,0,5,15.0,20.0,1,0,20.0,1,40,6,1,0,66.1,0,0,2,18.8,0.0,0,50.0,1,16,3,1
Keanu Williams,146556,DI,OREGON,1,0,0,264,57.8,0,0,4,100.0,0.0,0,0,0.0,0,4,4,0,0,60.0,0,0,1,100.0,0.0,0,0.0,0,1,1,0
Terrion Arnold,146603,CB,ALABAMA,1,0,0,103,60.0,0,0,1,1.9,0.0,0,2,0.0,0,53,1,0,0,,0,0,0,0.0,,0,,0,24,0,0
Dallas Turner,146604,ED,ALABAMA,1,0,0,103,70.5,2,3,34,71.4,14.7,5,0,13.2,2,49,35,7,0,74.1,1,1,17,75.0,23.5,4,17.6,2,24,18,4
Deontae Lawson,146608,LB,ALABAMA,1,0,0,103,65.6,0,1,4,12.5,0.0,0,0,12.5,0,32,4,1,0,66.0,0,1,3,27.3,0.0,0,16.7,0,11,3,1
Jalen Williams,146623,DI,SO MISS,1,0,0,296,60.2,0,0,14,100.0,0.0,0,0,0.0,0,15,15,0,0,57.3,0,0,5,100.0,0.0,0,0.0,0,5,5,0
Chris Paul Jr.,146640,LB,ARKANSAS,1,0,0,111,60.0,0,0,1,7.1,0.0,0,0,0.0,0,14,1,0,0,,0,0,0,,,0,,0,0,0,0
Jayden Johnson,146643,CB,ARKANSAS,1,0,0,111,59.4,0,0,1,4.2,0.0,0,0,0.0,0,24,1,0,0,59.4,0,0,1,100.0,0.0,0,0.0,0,1,1,0
Cameron Ball,146644,DI,ARKANSAS,1,0,0,111,63.3,0,1,11,100.0,0.0,0,0,4.5,0,11,11,1,0,,0,0,0,,,0,,0,0,0,0
Dylan Brooks,146663,ED,AUBURN,1,0,0,115,53.9,0,1,8,81.8,0.0,0,0,6.3,0,11,9,1,0,55.7,0,0,2,100.0,0.0,0,0.0,0,3,3,0
Lee Hunter,146676,DI,UCF,1,0,0,323,57.5,0,0,18,100.0,5.6,1,0,0.0,0,22,22,0,0,58.8,0,0,11,100.0,9.1,1,0.0,0,14,14,0
Desmond Watson,146703,DI,FLORIDA,1,0,0,163,57.7,0,0,12,100.0,0.0,0,0,0.0,0,12,12,0,0,58.1,0,0,3,100.0,0.0,0,0.0,0,3,3,0
Justus Boone,146709,ED,FLORIDA,1,0,0,163,80.3,0,1,8,100.0,25.0,2,0,6.3,0,8,8,1,0,56.1,0,0,5,100.0,0.0,0,0.0,0,5,5,0
Jamon Johnson,146721,LB,GEORGIA,1,0,0,173,82.0,0,2,8,18.2,25.0,2,0,12.5,0,44,8,2,0,84.6,0,2,7,30.4,28.6,2,14.3,0,23,7,2
Xavian Sorey Jr.,146724,LB,GEORGIA,1,0,0,173,53.7,0,0,6,42.9,0.0,0,0,0.0,0,14,6,0,0,53.9,0,0,5,62.5,0.0,0,0.0,0,8,5,0
Tyrion Ingram-Dawkins,146730,ED,GEORGIA,1,0,0,173,53.3,0,0,13,100.0,0.0,0,0,0.0,0,14,14,0,0,55.5,0,0,6,100.0,0.0,0,0.0,0,6,6,0
Trevin Wallace,146747,LB,KENTUCKY,1,0,0,202,57.7,0,0,1,9.1,0.0,0,0,0.0,0,11,1,0,0,57.7,0,0,1,16.7,0.0,0,0.0,0,6,1,0
Kahlil Saunders,146752,ED,KENTUCKY,1,0,0,202,57.1,1,1,15,100.0,13.3,2,0,6.7,0,15,15,2,0,63.1,1,0,4,100.0,25.0,1,12.5,0,4,4,1
Greg Penn III,146780,LB,LSU,1,0,0,211,46.6,1,1,3,11.1,0.0,0,0,33.3,0,27,3,2,0,59.6,0,0,1,20.0,0.0,0,0.0,0,5,1,0
Sai'vion Jones,146782,ED,LSU,1,0,0,211,59.1,0,0,5,100.0,0.0,0,0,0.0,0,5,5,0,0,,0,0,0,,,0,,0,0,0,0
Landon Jackson,146784,ED,ARKANSAS,1,1,0,111,62.3,0,0,19,100.0,0.0,0,1,0.0,0,21,21,0,0,,0,0,0,,,0,,0,0,0,0
Jamond Gordon,146800,ED,OLE MISS,1,0,0,226,65.0,0,0,4,100.0,25.0,1,1,0.0,0,4,4,0,0,,0,0,0,,,0,,0,0,0,0
Trey Washington,146822,S,OLE MISS,1,0,0,226,58.6,0,0,2,17.6,0.0,0,0,0.0,0,17,3,0,0,,0,0,0,0.0,,0,,0,4,0,0
Tywone Malone Jr.,146832,ED,OLE MISS,1,0,0,226,56.6,0,0,5,100.0,0.0,0,0,0.0,0,5,5,0,0,,0,0,0,,,0,,0,0,0,0
JJ Hawkins,146833,ED,OLE MISS,1,0,0,226,58.8,0,0,1,100.0,0.0,0,0,0.0,0,1,1,0,0,58.8,0,0,1,100.0,0.0,0,0.0,0,1,1,0
Dameon Wilson,146884,LB,MISSOURI,1,0,0,229,55.8,0,0,3,30.0,0.0,0,0,0.0,0,10,3,0,0,,0,0,0,0.0,,0,,0,2,0,0
Arden Walker,146893,ED,MISSOURI,1,0,0,229,59.0,0,0,2,100.0,0.0,0,0,0.0,0,2,2,0,0,,0,0,0,,,0,,0,0,0,0
Marcellas Dial,146902,CB,S CAROLINA,1,0,0,289,60.0,0,0,1,4.0,0.0,0,1,0.0,0,25,1,0,0,,0,0,0,0.0,,0,,0,10,0,0
Bam Martin-Scott,146904,LB,S CAROLINA,1,0,0,289,68.0,0,0,1,6.7,100.0,1,0,0.0,0,15,1,0,0,64.5,0,0,0,0.0,,1,,0,9,0,0
T.J. Sanders,146925,DI,S CAROLINA,1,0,0,289,56.1,0,0,10,90.9,0.0,0,0,0.0,0,11,10,0,0,56.4,0,0,6,100.0,0.0,0,0.0,0,6,6,0
Nick Barrett,146926,DI,S CAROLINA,1,1,0,289,68.0,0,0,2,100.0,0.0,0,0,0.0,0,2,2,0,0,60.0,0,0,1,100.0,0.0,0,0.0,0,1,1,0
Kamal Hadden,146931,CB,TENNESSEE,1,0,0,307,74.6,0,0,2,3.6,50.0,1,3,0.0,0,56,2,0,0,,0,0,0,0.0,,0,,0,21,0,0
Byron Young,146932,ED,TENNESSEE,1,0,0,307,80.4,1,1,35,95.1,11.4,4,0,14.3,4,41,39,6,0,78.0,0,1,11,86.7,18.2,2,40.9,4,15,13,5
Tyson Russell,146969,CB,VANDERBILT,1,0,0,333,58.2,0,0,1,5.3,0.0,0,0,0.0,0,19,1,0,0,58.2,0,0,1,33.3,0.0,0,0.0,0,3,1,0
CJ Taylor,146972,S,VANDERBILT,1,0,0,333,58.9,0,0,1,9.1,0.0,0,0,0.0,0,11,1,0,0,,0,0,0,0.0,,0,,0,2,0,0
Devin Lee,146975,DI,VANDERBILT,1,0,0,333,58.3,0,0,4,100.0,0.0,0,0,0.0,0,4,4,0,0,,0,0,0,,,0,,0,0,0,0
Marcus Bradley,146977,ED,UMASS,1,0,0,216,63.7,0,4,24,100.0,12.5,3,0,8.3,0,24,24,4,0,65.8,0,4,15,100.0,20.0,3,13.3,0,15,15,4
Terion Sugick,146979,DI,ARK STATE,1,0,0,113,61.7,0,0,19,100.0,5.3,1,0,0.0,0,19,19,0,0,64.5,0,0,7,100.0,14.3,1,0.0,0,7,7,0
Albert Regis,147009,DI,TEXAS A&M,1,0,0,312,67.0,0,1,3,100.0,0.0,0,0,16.7,0,3,3,1,0,60.0,0,0,1,100.0,0.0,0,0.0,0,1,1,0
Caden Sullivan,147035,LB,APP STATE,1,0,0,108,66.1,0,0,3,60.0,0.0,0,0,33.3,1,5,3,1,0,58.9,0,0,1,100.0,0.0,0,0.0,0,1,1,0
Deshawn McKnight,147037,ED,APP STATE,1,0,0,108,54.7,0,1,12,100.0,0.0,0,1,4.2,0,12,12,1,0,56.8,0,1,3,100.0,0.0,0,16.7,0,3,3,1
KaRon White,147040,DI,APP STATE,1,0,0,108,60.0,0,1,1,100.0,100.0,1,0,50.0,0,1,1,1,0,60.0,0,1,1,100.0,100.0,1,50.0,0,1,1,1
Dennard Flowers,147062,ED,ARK STATE,1,0,0,113,55.3,1,0,12,100.0,0.0,0,0,4.2,0,12,12,1,0,56.8,0,0,4,100.0,0.0,0,0.0,0,4,4,0
Cam Jeffery,147068,LB,ARK STATE,1,0,0,113,54.6,0,0,4,10.8,0.0,0,0,0.0,0,37,4,0,0,59.2,0,0,1,9.1,0.0,0,0.0,0,11,1,0
Ethan Hassler,147070,ED,ARK STATE,1,0,0,113,68.0,0,0,3,100.0,0.0,0,0,33.3,1,3,3,1,0,69.3,0,0,2,100.0,0.0,0,50.0,1,2,2,1
Tim Hardiman,147074,DI,ARK STATE,1,0,0,113,59.4,0,0,3,100.0,0.0,0,0,0.0,0,3,3,0,0,60.0,0,0,1,100.0,0.0,0,0.0,0,1,1,0
Josaiah Stewart,147092,ED,COAST CAR,1,0,0,141,67.1,0,4,30,93.9,13.3,4,0,6.7,0,33,31,4,0,73.0,0,2,4,100.0,50.0,2,25.0,0,4,4,2
Isaac Walker,147125,ED,GA SOUTHRN,1,0,0,174,55.3,0,0,10,90.9,0.0,0,0,0.0,0,11,10,0,0,57.1,0,0,2,100.0,0.0,0,0.0,0,2,2,0
LJ McCloud,147131,DI,GA SOUTHRN,1,0,0,174,57.7,0,2,15,100.0,13.3,2,0,6.7,0,17,17,2,0,56.5,0,0,4,100.0,0.0,0,0.0,0,5,5,0
Davon Sears,147242,DI,TEXAS ST,1,0,0,314,59.6,0,0,20,100.0,5.0,1,0,0.0,0,20,20,0,0,57.8,0,0,4,100.0,0.0,0,0.0,0,4,4,0
Tylon Dunlap,147285,DI,GA STATE,1,0,0,175,61.7,1,0,22,100.0,4.5,1,0,2.3,0,25,25,1,0,56.9,0,0,2,100.0,0.0,0,0.0,0,3,3,0
Jordan Jones,147289,LB,GA STATE,1,0,0,175,56.9,0,0,1,5.6,0.0,0,0,0.0,0,36,2,0,0,59.6,0,0,0,14.3,,0,,0,7,1,0
Brett Gerena,147346,LB,ARMY,1,0,0,114,59.5,0,1,1,50.0,0.0,0,0,50.0,0,2,1,1,0,59.5,0,1,1,100.0,0.0,0,50.0,0,1,1,1
Trey Sofia,147362,ED,ARMY,1,0,0,114,67.7,0,1,6,100.0,16.7,1,0,8.3,0,6,6,1,0,,0,0,0,,,0,,0,0,0,0
Kyle Lewis,147364,DI,ARMY,1,0,0,114,55.4,0,1,3,100.0,33.3,1,0,16.7,0,3,3,1,0,,0,0,0,,,0,,0,0,0,0
Carter Hooper,147404,ED,UCONN,1,0,0,146,55.9,0,0,10,100.0,0.0,0,0,0.0,0,11,11,0,0,57.6,0,0,2,100.0,0.0,0,0.0,0,3,3,0
Pryce Yates,147408,ED,UCONN,1,0,0,146,60.0,1,1,17,100.0,5.9,1,0,5.9,0,18,18,2,0,66.5,1,0,3,100.0,33.3,1,16.7,0,4,4,1
Collin McCarthy,147409,DI,UCONN,1,1,0,146,93.6,1,1,16,100.0,25.0,4,0,12.5,1,17,17,3,0,82.4,1,0,3,100.0,33.3,1,16.7,0,4,4,1
Dominic Schofield,147434,ED,UMASS,1,0,0,216,60.0,0,0,1,33.3,0.0,0,0,0.0,0,3,1,0,0,,0,0,0,0.0,,0,,0,1,0,0
Jordan Mahoney,147438,CB,UMASS,1,0,0,216,60.0,0,0,1,2.9,0.0,0,0,0.0,0,34,1,0,0,,0,0,0,0.0,,0,,0,17,0,0
Gabriel Rubio,147499,DI,NOTRE DAME,1,0,0,258,57.2,0,1,7,100.0,0.0,0,0,7.1,0,7,7,1,0,58.7,0,0,2,100.0,0.0,0,0.0,0,2,2,0
Jailin Walker,148369,LB,JAMES MAD,1,0,0,197,67.3,0,1,3,9.1,33.3,1,0,16.7,0,33,3,1,0,69.2,0,1,2,11.8,50.0,1,25.0,0,17,2,1
Bryce Carter,151075,ED,VIRGINIA,1,0,0,335,56.7,0,0,6,100.0,0.0,0,0,0.0,0,6,6,0,0,57.4,0,0,3,100.0,0.0,0,0.0,0,3,3,0
Michael Diatta,151079,DI,VIRGINIA,1,0,0,335,56.8,0,0,6,100.0,0.0,0,0,0.0,0,6,6,0,0,57.8,0,0,2,100.0,0.0,0,0.0,0,2,2,0
James Jackson,151086,LB,VIRGINIA,1,0,1,335,55.7,0,0,3,18.2,0.0,0,1,0.0,0,22,4,0,0,57.6,0,0,1,18.2,0.0,0,0.0,0,11,2,0
Jacob Rodriguez,151095,LB,TEXAS TECH,1,0,0,315,72.6,1,2,6,54.5,0.0,0,0,25.0,0,11,6,3,0,68.6,0,1,3,100.0,0.0,0,16.7,0,3,3,1
Jonas Sanker,151097,S,VIRGINIA,1,0,0,335,58.6,0,0,1,3.4,0.0,0,0,0.0,0,29,1,0,0,,0,0,0,0.0,,0,,0,15,0,0
Jonathan Ross,153402,ED,USF,1,0,0,327,66.1,0,0,4,100.0,25.0,1,0,0.0,0,4,4,0,0,59.7,0,0,1,100.0,0.0,0,0.0,0,1,1,0
Tim Grant-Randall,154699,DI,E MICHIGAN,1,0,0,160,71.1,1,1,18,100.0,22.2,4,0,16.7,2,19,19,4,0,77.3,1,1,10,100.0,40.0,4,30.0,2,10,10,4
Jhalin Hobbs,156217,DI,USF,1,0,0,327,60.0,0,0,1,100.0,0.0,0,0,0.0,0,1,1,0,0,,0,0,0,,,0,,0,0,0,0
Toriano Pride Jr.,156245,CB,CLEMSON,1,0,0,140,59.4,0,0,1,3.2,0.0,0,0,0.0,0,31,1,0,0,,0,0,0,0.0,,0,,0,14,0,0
Vincent Anthony Jr.,156256,ED,DUKE,1,1,0,154,56.6,0,1,23,92.3,0.0,0,0,2.2,0,26,24,1,0,54.2,0,0,8,100.0,0.0,0,0.0,0,8,8,0
Clayton Powell-Lee,156305,S,GA TECH,1,0,0,176,58.4,0,0,2,3.6,0.0,0,0,0.0,0,55,2,0,0,59.1,0,0,1,2.9,0.0,0,0.0,0,35,1,0
Tawfiq Thomas,156312,DI,LOUISVILLE,1,0,0,210,58.4,0,0,2,100.0,0.0,0,0,0.0,0,3,3,0,0,60.0,0,0,0,100.0,,0,,0,1,1,0
Popeye Williams,156317,ED,LOUISVILLE,1,0,0,210,60.0,0,0,1,33.3,0.0,0,0,0.0,0,3,1,0,0,,0,0,0,,,0,,0,0,0,0
Nyjalik Kelly,156339,ED,MIAMI FL,1,0,0,220,53.9,0,1,10,100.0,0.0,0,0,5.0,0,10,10,1,0,56.4,0,1,3,100.0,0.0,0,16.7,0,3,3,1
Wesley Bissainthe,156341,LB,MIAMI FL,1,0,0,220,60.0,0,0,1,16.7,0.0,0,0,0.0,0,6,1,0,0,,0,0,0,0.0,,0,,0,2,0,0
Travis Shaw,156345,DI,N CAROLINA,1,0,0,245,58.2,0,0,6,100.0,0.0,0,0,0.0,0,6,6,0,0,59.2,0,0,2,100.0,0.0,0,0.0,0,2,2,0
Malaki Hamrick,156347,ED,N CAROLINA,1,0,0,245,71.0,1,1,6,28.6,16.7,1,0,16.7,0,28,8,2,0,71.5,1,0,2,57.1,0.0,0,25.0,0,7,4,1
Dasan McCullough,156403,ED,INDIANA,1,0,0,190,55.1,0,0,10,55.6,0.0,0,0,0.0,0,18,10,0,0,55.9,0,0,4,44.4,0.0,0,0.0,0,9,4,0
Nick James,156413,DI,INDIANA,1,0,0,190,58.9,0,0,3,100.0,0.0,0,0,0.0,0,3,3,0,0,60.0,0,0,1,100.0,0.0,0,0.0,0,1,1,0
Aaron Graves,156445,DI,IOWA,1,0,0,192,58.7,0,0,5,100.0,0.0,0,0,0.0,0,5,5,0,0,60.0,0,0,1,100.0,0.0,0,0.0,0,1,1,0
Jaishawn Barham,156452,LB,MARYLAND,1,0,0,215,62.1,0,1,12,33.3,16.7,2,0,20.8,2,36,12,3,0,67.2,0,0,3,25.0,33.3,1,66.7,2,12,3,2
Gavin Gibson,156453,CB,MARYLAND,1,0,0,215,59.7,0,0,1,16.7,0.0,0,0,0.0,0,6,1,0,0,59.7,0,0,1,50.0,0.0,0,0.0,0,2,1,0
Caleb Wheatland,156454,LB,MARYLAND,1,0,0,215,67.7,1,0,1,12.5,0.0,0,0,50.0,0,8,1,1,0,67.7,1,0,1,100.0,0.0,0,50.0,0,1,1,1
Malcolm Hartzog Jr.,156462,CB,NEBRASKA,1,0,0,238,59.3,0,0,1,3.0,0.0,0,0,0.0,0,33,1,0,0,59.3,0,0,1,5.6,0.0,0,0.0,0,18,1,0
Caden Curry,156488,ED,OHIO STATE,1,0,0,260,88.1,0,0,6,85.7,33.3,2,0,0.0,0,7,6,0,0,61.9,0,0,1,50.0,100.0,1,0.0,0,2,1,0
Mo Omonode,156497,DI,PURDUE,1,0,0,273,59.1,0,0,2,100.0,0.0,0,0,0.0,0,2,2,0,0,,0,0,0,,,0,,0,0,0,0
Kenny Fletcher Jr.,156506,ED,RUTGERS,1,0,0,278,59.4,0,3,7,87.5,14.3,1,0,21.4,0,8,7,3,0,61.4,0,2,5,100.0,20.0,1,20.0,0,5,5,2
D'Verick Daniel,156539,S,FIU,1,0,0,166,60.0,0,0,0,7.7,,0,0,,0,13,1,0,0,,0,0,0,0.0,,0,,0,4,0,0
Will Prendergast,156541,DI,FIU,1,0,0,166,56.5,0,0,10,100.0,0.0,0,0,0.0,0,10,10,0,0,57.4,0,0,3,100.0,0.0,0,0.0,0,3,3,0
Percy Courtney Jr.,156556,ED,FIU,1,0,0,166,58.6,0,0,1,50.0,0.0,0,0,0.0,0,4,2,0,0,,0,0,0,,,0,,0,0,0,0
Dareon Goodrum,156640,DI,W KENTUCKY,1,0,0,346,58.7,0,0,4,100.0,0.0,0,0,0.0,0,4,4,0,0,,0,0,0,,,0,,0,0,0,0
Keyron Crawford,156660,ED,ARK STATE,1,0,0,113,58.2,0,0,3,100.0,0.0,0,0,0.0,0,4,4,0,0,,0,0,0,,,0,,0,0,0,0
Allen Henry,156689,DI,COAST CAR,1,0,0,141,63.1,0,0,11,100.0,0.0,0,0,9.1,1,11,11,1,0,68.9,0,0,2,100.0,0.0,0,50.0,1,2,2,1
Tristan Driggers,156766,LB,LA MONROE,1,0,0,209,57.5,0,1,2,8.3,0.0,0,0,25.0,0,36,3,1,0,,0,0,0,0.0,,0,,0,6,0,0
Kenard Snyder,156781,ED,LA MONROE,1,0,0,209,59.5,1,1,27,96.6,3.7,1,0,3.7,0,29,28,2,0,56.3,0,0,4,100.0,0.0,0,0.0,0,4,4,0
Micheal Caraway Jr.,156841,CB,SO MISS,1,0,0,296,59.5,0,0,1,14.3,0.0,0,1,0.0,0,7,1,0,0,,0,0,0,0.0,,0,,0,3,0,0
Brodarius Lewis,156845,ED,SO MISS,1,0,0,296,61.6,0,2,8,100.0,25.0,2,0,12.5,0,8,8,2,0,63.8,0,2,5,100.0,40.0,2,20.0,0,5,5,2
Jordyn Mahaffey,156847,ED,SO MISS,1,0,0,296,76.2,0,0,3,100.0,33.3,1,0,33.3,1,4,4,1,0,71.6,0,0,1,100.0,100.0,1,100.0,1,1,1,1
Sidney Houston Jr.,156893,ED,BALL ST,1,0,0,117,58.1,0,1,40,97.6,7.5,3,0,1.3,0,41,40,1,0,56.4,0,1,15,100.0,6.7,1,3.3,0,15,15,1
Loren Strickland,156894,S,BALL ST,1,0,0,117,55.5,0,0,3,42.9,0.0,0,0,0.0,0,7,3,0,0,58.3,0,0,1,33.3,0.0,0,0.0,0,3,1,0
Junior Tuihalamaka,156982,LB,NOTRE DAME,1,0,0,258,60.0,0,0,1,100.0,0.0,0,0,0.0,0,1,1,0,0,,0,0,0,,,0,,0,0,0,0
Jehiem Oatis,157002,DI,ALABAMA,1,1,0,103,71.3,0,2,16,100.0,12.5,2,0,6.3,0,16,16,2,0,64.8,0,0,5,100.0,20.0,1,0.0,0,5,5,0
JD Rhym,157039,CB,AUBURN,1,0,0,115,71.0,0,1,1,10.0,0.0,0,0,50.0,0,10,1,1,0,,0,0,0,0.0,,0,,0,2,0,0
Jeffrey M'ba,157055,DI,AUBURN,1,0,0,115,57.2,0,0,6,100.0,0.0,0,0,0.0,0,6,6,0,0,57.8,0,0,2,100.0,0.0,0,0.0,0,2,2,0
Mykel Williams,157061,ED,GEORGIA,1,0,0,173,60.8,0,1,16,100.0,12.5,2,0,3.1,0,16,16,1,0,66.3,0,1,8,100.0,25.0,2,6.3,0,8,8,1
Bear Alexander,157064,DI,GEORGIA,1,1,0,173,62.8,0,3,19,100.0,5.3,1,0,7.9,0,19,19,3,0,60.9,0,2,10,100.0,10.0,1,10.0,0,10,10,2
DeMario Tolan,157118,LB,LSU,1,0,0,211,60.0,0,0,1,50.0,0.0,0,0,0.0,0,2,1,0,0,,0,0,0,,,0,,0,0,0,0
Harold Perkins Jr.,157120,LB,LSU,1,0,0,211,59.8,0,0,2,40.0,0.0,0,0,0.0,0,5,2,0,0,,0,0,0,,,0,,0,0,0,0
Braxton Fely,157202,DI,BOISE ST,1,0,0,120,59.0,0,0,2,100.0,0.0,0,0,0.0,0,2,2,0,0,59.0,0,0,2,100.0,0.0,0,0.0,0,2,2,0
David Bailey,157272,ED,STANFORD,1,0,0,300,62.8,0,2,21,85.7,14.3,3,0,4.8,0,28,24,2,0,62.8,0,2,15,94.1,13.3,2,6.7,0,17,16,2
Jaxson Moi,157280,DI,STANFORD,1,0,0,300,57.1,0,1,20,100.0,5.0,1,0,2.5,0,24,24,1,0,59.5,0,1,11,100.0,9.1,1,4.5,0,12,12,1
Damonic Williams,157291,DI,TCU,1,0,0,305,56.4,0,0,20,100.0,0.0,0,0,0.0,0,20,20,0,0,58.1,0,0,3,100.0,0.0,0,0.0,0,3,3,0
Justice Finkley,157306,ED,TEXAS,1,0,0,311,61.8,0,0,10,100.0,0.0,0,0,10.0,1,10,10,1,0,65.9,0,0,3,100.0,0.0,0,33.3,1,3,3,1
Jaylon Guilbeau,157307,CB,TEXAS,1,0,0,311,60.0,0,1,1,12.5,0.0,0,0,50.0,0,8,1,1,0,,0,0,0,0.0,,0,,0,2,0,0
Joseph Adedire,157323,ED,TEXAS TECH,1,0,0,315,58.2,0,1,17,100.0,5.9,1,0,2.9,0,17,17,1,0,63.7,0,1,4,100.0,25.0,1,12.5,0,4,4,1
J.D. Lampley,157442,DI,E CAROLINA,1,0,0,156,72.2,0,2,23,100.0,13.0,3,0,8.7,1,23,23,3,0,71.2,0,1,6,100.0,33.3,2,8.3,0,6,6,1
Adrian Gonzalez,157452,DI,E MICHIGAN,1,0,0,160,61.3,0,0,13,100.0,7.7,1,0,7.7,1,13,13,1,0,62.6,0,0,9,100.0,11.1,1,11.1,1,9,9,1
Joey Zelinsky,157453,ED,E MICHIGAN,1,0,0,160,53.4,0,0,13,100.0,0.0,0,0,0.0,0,14,14,0,0,53.9,0,0,10,100.0,0.0,0,0.0,0,10,10,0
Rayyan Buell,157513,DI,OHIO,1,0,0,259,54.6,0,0,14,93.8,0.0,0,0,0.0,0,16,15,0,0,54.9,0,0,9,90.9,0.0,0,0.0,0,11,10,0
Markus Clark,157556,DI,APP STATE,1,0,0,108,56.5,0,0,8,100.0,0.0,0,0,0.0,0,8,8,0,0,58.7,0,0,2,100.0,0.0,0,0.0,0,2,2,0
Domonique Orange,157602,DI,IOWA STATE,1,0,0,193,57.3,0,1,5,100.0,0.0,0,0,10.0,0,5,5,1,0,60.0,0,1,1,100.0,0.0,0,50.0,0,1,1,1
Tyre West,157613,ED,TENNESSEE,1,0,0,307,56.1,0,0,9,100.0,0.0,0,0,0.0,0,10,10,0,0,56.9,0,0,5,100.0,0.0,0,0.0,0,5,5,0
Elijah Herring,157614,LB,TENNESSEE,1,0,0,307,59.9,0,0,1,100.0,0.0,0,0,0.0,0,1,1,0,0,,0,0,0,,,0,,0,0,0,0
Tavian Coleman,157637,DI,UTAH ST,1,0,0,329,59.4,0,0,11,100.0,9.1,1,0,0.0,0,14,14,0,0,64.4,0,0,3,100.0,33.3,1,0.0,0,4,4,0
Keyshawn Burgos,157654,ED,VA TECH,1,0,0,337,59.6,0,0,1,100.0,0.0,0,0,0.0,0,1,1,0,0,59.6,0,0,1,100.0,0.0,0,0.0,0,1,1,0
Chris McClellan,157743,DI,FLORIDA,1,0,0,163,67.4,0,1,10,100.0,10.0,1,0,5.0,0,10,10,1,0,69.7,0,1,7,100.0,14.3,1,7.1,0,7,7,1
Tyreak Sapp,157752,DI,FLORIDA,1,0,0,163,61.9,0,2,21,100.0,9.5,2,0,4.8,0,21,21,2,0,67.8,0,2,8,100.0,25.0,2,12.5,0,8,8,2
Martin Sheared,157816,ED,OKLA STATE,1,0,0,262,60.0,0,0,1,100.0,0.0,0,0,0.0,0,1,1,0,0,,0,0,0,,,0,,0,0,0,0
Noah Lavulo,157851,ED,S JOSE ST,1,0,0,285,48.2,0,1,11,100.0,0.0,0,0,4.5,0,12,12,1,0,46.3,0,1,3,100.0,0.0,0,16.7,0,3,3,1
Dejon Roney,157853,DI,S JOSE ST,1,0,0,285,60.0,0,0,1,100.0,0.0,0,0,0.0,0,1,1,0,0,,0,0,0,,,0,,0,0,0,0
Mo Westmoreland,157883,ED,UTEP,1,0,0,330,62.3,0,0,11,100.0,9.1,1,0,0.0,0,11,11,0,0,65.8,0,0,4,100.0,25.0,1,0.0,0,4,4,0
Bryton Thompson,157884,ED,UTEP,1,0,0,330,70.5,0,0,12,100.0,8.3,1,0,8.3,1,13,13,1,0,56.6,0,0,4,100.0,0.0,0,0.0,0,4,4,0
Payton Zdroik,157898,DI,AIR FORCE,1,0,0,101,57.5,0,1,15,100.0,13.3,2,0,3.3,0,16,16,1,0,57.2,0,0,3,100.0,0.0,0,0.0,0,3,3,0
Kam Olds,157953,ED,BUFFALO,1,0,0,126,61.4,0,1,15,88.9,13.3,2,0,3.3,0,18,16,1,0,55.1,0,0,4,100.0,0.0,0,0.0,0,5,5,0
Cornell Evans,157956,DI,BUFFALO,1,0,0,126,58.0,0,0,4,100.0,0.0,0,0,0.0,0,4,4,0,0,58.9,0,0,2,100.0,0.0,0,0.0,0,2,2,0
Jaylon Bass,157960,DI,BUFFALO,1,2,0,126,62.6,1,1,24,100.0,0.0,0,0,4.2,0,25,25,2,1,61.1,1,1,10,100.0,0.0,0,10.0,0,11,11,2
Keyshawn Cobb,157962,CB,BUFFALO,1,0,0,126,59.7,0,0,1,1.8,0.0,0,2,0.0,0,57,1,0,0,59.7,0,0,1,4.3,0.0,0,0.0,0,23,1,0
Roy Williams,158037,ED,N ILLINOIS,1,0,0,254,59.6,0,0,2,50.0,0.0,0,0,0.0,0,4,2,0,0,,0,0,0,,,0,,0,0,0,0
R Mason Thomas,158080,ED,OKLAHOMA,1,0,0,261,60.1,0,1,14,100.0,7.1,1,0,3.6,0,14,14,1,0,57.6,0,0,2,100.0,0.0,0,0.0,0,2,2,0
Bryan Thomas Jr.,158108,ED,S CAROLINA,1,0,0,289,57.2,0,0,3,100.0,0.0,0,0,0.0,0,3,3,0,0,58.0,0,0,2,100.0,0.0,0,0.0,0,2,2,0
DQ Smith,158116,S,S CAROLINA,1,0,0,289,55.4,0,0,3,8.3,0.0,0,0,0.0,0,36,3,0,0,56.4,0,0,2,13.3,0.0,0,0.0,0,15,2,0
Nick Emmanwori,158121,S,S CAROLINA,1,0,0,289,59.6,0,0,0,2.8,,0,0,,0,36,1,0,0,,0,0,0,0.0,,0,,0,15,0,0
Fred Thompkins,158143,LB,UNLV,1,0,1,325,65.5,0,1,1,14.3,100.0,1,1,50.0,0,7,1,1,0,65.5,0,1,1,25.0,100.0,1,50.0,0,4,1,1
Darius Johnson,158148,DI,UNLV,1,0,0,325,66.8,0,0,19,100.0,15.8,3,0,0.0,0,21,21,0,0,71.6,0,0,6,100.0,33.3,2,0.0,0,6,6,0
Noah Kema,158176,LB,HAWAII,1,0,0,180,59.7,0,0,1,25.0,0.0,0,0,0.0,0,4,1,0,0,,0,0,0,0.0,,0,,0,1,0,0
Peter Manuma,158178,S,HAWAII,1,0,0,180,58.9,0,0,1,2.4,0.0,0,1,0.0,0,41,1,0,0,,0,0,0,0.0,,0,,0,16,0,0
Gabe Jacas,158210,ED,ILLINOIS,1,0,0,187,71.1,1,2,34,97.3,26.5,9,0,4.4,0,37,36,3,0,77.2,1,1,21,100.0,38.1,8,4.8,0,23,23,2
Chris Smalley,158248,ED,NEVADA,1,0,0,239,52.9,0,0,8,100.0,0.0,0,0,0.0,0,8,8,0,0,53.6,0,0,6,100.0,0.0,0,0.0,0,6,6,0
Isaiah Smith,158282,ED,SMU,1,0,0,287,68.3,0,1,3,75.0,0.0,0,0,50.0,1,4,3,2,0,69.5,0,1,2,66.7,0.0,0,75.0,1,3,2,2
Mike Sandjo,158288,DI,SMU,1,0,0,287,57.9,0,0,4,100.0,0.0,0,0,0.0,0,4,4,0,0,,0,0,0,,,0,,0,0,0,0
Latrell Bullard,158340,DI,GA SOUTHRN,1,0,0,174,57.4,0,0,7,100.0,0.0,0,0,0.0,0,7,7,0,0,58.3,0,0,2,100.0,0.0,0,0.0,0,2,2,0
Zion Young,158404,ED,MICH STATE,1,0,0,223,58.1,1,0,5,100.0,0.0,0,0,10.0,0,5,5,1,0,59.7,0,0,1,100.0,0.0,0,0.0,0,1,1,0
Kameron Hamilton,158415,DI,TULANE,1,0,0,319,69.4,0,2,13,100.0,15.4,2,0,7.7,0,15,15,2,0,58.5,0,0,2,100.0,0.0,0,0.0,0,2,2,0
Jamaal Johnson,158444,ED,UCF,1,0,0,323,58.4,0,0,9,100.0,0.0,0,0,0.0,0,11,11,0,0,59.9,0,0,6,100.0,0.0,0,0.0,0,8,8,0
Kam Moore,158450,LB,UCF,1,0,0,323,60.0,0,0,1,14.3,0.0,0,0,0.0,0,7,1,0,0,,0,0,0,0.0,,0,,0,5,0,0
Lander Barton,158473,LB,UTAH,1,0,0,328,53.6,0,0,3,66.7,0.0,0,0,0.0,0,6,4,0,0,59.1,0,0,0,100.0,,0,,0,1,1,0
Mason Graham,158535,DI,MICHIGAN,1,0,0,222,59.9,0,1,17,100.0,5.9,1,0,2.9,0,17,17,1,0,63.0,0,1,6,100.0,16.7,1,8.3,0,6,6,1
Derrick Moore,158543,ED,MICHIGAN,1,0,0,222,61.9,1,0,21,100.0,4.8,1,0,7.1,1,23,23,2,0,68.7,1,0,5,100.0,20.0,1,30.0,1,6,6,2
Donovan Branch,158608,ED,UCONN,1,0,0,146,66.6,0,3,21,100.0,14.3,3,0,7.1,0,22,22,3,0,60.8,0,1,7,100.0,0.0,0,7.1,0,7,7,1
Kayode Oladele,158625,ED,UCONN,1,0,0,146,56.9,0,0,5,100.0,0.0,0,0,0.0,0,5,5,0,0,57.9,0,0,2,100.0,0.0,0,0.0,0,2,2,0
Jarred Kerr,158656,CB,TEXAS A&M,1,0,0,312,75.7,0,0,1,7.7,0.0,0,0,100.0,1,13,1,1,0,75.7,0,0,1,14.3,0.0,0,100.0,1,7,1,1
Anthony Lucas,158657,ED,TEXAS A&M,1,0,0,312,54.5,1,1,10,100.0,0.0,0,1,10.0,0,10,10,2,0,56.4,1,0,5,100.0,0.0,0,10.0,0,5,5,1
Jacoby Mathews,158660,S,TEXAS A&M,1,0,0,312,59.2,0,0,1,12.5,0.0,0,0,0.0,0,8,1,0,0,,0,0,0,0.0,,0,,0,4,0,0
Walter Nolen,158666,DI,TEXAS A&M,1,0,0,312,70.5,0,4,18,100.0,22.2,4,0,11.1,0,19,19,4,0,68.2,0,2,8,100.0,25.0,2,12.5,0,8,8,2
LT Overton,158667,ED,TEXAS A&M,1,0,0,312,54.4,0,1,11,100.0,0.0,0,0,4.5,0,11,11,1,0,56.4,0,0,5,100.0,0.0,0,0.0,0,5,5,0
Shemar Stewart,158675,ED,TEXAS A&M,1,0,0,312,57.4,0,0,18,100.0,0.0,0,0,0.0,0,19,19,0,0,54.5,0,0,7,100.0,0.0,0,0.0,0,7,7,0
Austin Brown,158689,S,WISCONSIN,1,0,0,349,66.8,1,0,2,20.0,0.0,0,0,25.0,0,10,2,1,0,,0,0,0,0.0,,0,,0,3,0,0
Russell Davis II,158720,ED,ARIZONA,1,0,0,109,80.4,0,0,5,62.5,20.0,1,0,0.0,0,8,5,0,0,,0,0,0,,,0,,0,0,0,0
Jacob Rich Kongaika,158730,DI,ARIZONA,1,0,0,109,55.8,0,0,7,100.0,0.0,0,0,0.0,0,7,7,0,0,59.4,0,0,1,100.0,0.0,0,0.0,0,1,1,0
Jacob Manu,158733,LB,ARIZONA,1,0,0,109,54.3,0,0,3,30.0,0.0,0,0,0.0,0,10,3,0,0,58.3,0,0,1,100.0,0.0,0,0.0,0,1,1,0
Ta'ita'i Uiagalelei,158748,DI,ARIZONA,1,0,0,109,56.1,0,0,6,100.0,0.0,0,0,0.0,0,7,7,0,0,59.5,0,0,1,100.0,0.0,0,0.0,0,1,1,0
Jalen Stewart,158770,LB,UMASS,1,0,0,216,60.0,0,0,1,10.0,0.0,0,0,0.0,0,10,1,0,0,,0,0,0,0.0,,0,,0,9,0,0
Zach Causey,158813,DI,UTSA,1,0,0,331,57.9,0,0,6,100.0,0.0,0,0,0.0,0,7,7,0,0,60.0,0,0,0,100.0,,0,,0,1,1,0
Tai Leonard,158821,ED,UTSA,1,0,0,331,55.3,0,0,11,100.0,0.0,0,0,0.0,0,11,11,0,0,59.4,0,0,1,100.0,0.0,0,0.0,0,1,1,0
Ryan Cooper Jr.,162474,CB,OREGON ST,1,0,0,265,58.2,0,0,2,5.4,0.0,0,1,0.0,0,37,2,0,0,,0,0,0,0.0,,0,,0,12,0,0
Jayvon Parker,162497,DI,WASHINGTON,1,0,0,340,55.2,0,1,13,100.0,7.7,1,0,3.8,0,13,13,1,0,58.7,0,0,2,100.0,0.0,0,0.0,0,2,2,0
Jamaree Caldwell,162505,DI,HOUSTON,1,0,0,182,61.8,0,0,20,100.0,5.0,1,0,5.0,1,21,21,1,0,65.9,0,0,5,100.0,20.0,1,20.0,1,5,5,1
Eddie Kelly Jr.,162609,ED,USF,1,0,0,327,65.6,0,0,5,100.0,20.0,1,0,0.0,0,5,5,0,0,59.7,0,0,1,100.0,0.0,0,0.0,0,1,1,0
Kwan Williams,162676,DI,BOSTON COL,1,0,0,121,58.4,0,0,5,100.0,0.0,0,0,0.0,0,5,5,0,0,,0,0,0,,,0,,0,0,0,0
Jeremiah Hasley,162696,LB,DUKE,1,0,0,154,64.2,0,0,2,75.0,0.0,0,0,0.0,0,4,3,0,0,59.5,0,0,1,100.0,0.0,0,0.0,0,1,1,0
Kenneth Grant,162816,DI,MICHIGAN,1,0,0,222,57.7,0,1,7,100.0,0.0,0,0,7.1,0,7,7,1,0,58.5,0,1,2,100.0,0.0,0,25.0,0,2,2,1
Jimmy Rolder,162825,LB,MICHIGAN,1,0,0,222,63.3,0,0,4,28.6,25.0,1,0,0.0,0,14,4,0,0,56.7,0,0,2,33.3,0.0,0,0.0,0,6,2,0
Brendan Flakes,162840,DI,NWESTERN,1,0,0,256,59.9,0,0,1,100.0,0.0,0,0,0.0,0,1,1,0,0,59.9,0,0,1,100.0,0.0,0,0.0,0,1,1,0
Nic Scourton,162878,ED,PURDUE,1,0,0,273,56.3,1,0,13,82.4,7.7,1,0,3.8,0,17,14,1,0,55.2,0,0,3,100.0,0.0,0,0.0,0,4,4,0
Dariel Djabome,162903,ED,RUTGERS,1,0,0,278,65.1,0,0,1,100.0,100.0,1,0,0.0,0,1,1,0,0,65.1,0,0,1,100.0,100.0,1,0.0,0,1,1,0
Tyrique Howard,163021,DI,UAB,1,0,0,321,70.9,0,0,10,100.0,20.0,2,0,0.0,0,10,10,0,0,66.7,0,0,2,100.0,50.0,1,0.0,0,2,2,0
Michael Moore,163027,ED,UAB,1,0,0,321,58.0,0,0,3,100.0,0.0,0,0,0.0,0,3,3,0,0,59.8,0,0,1,100.0,0.0,0,0.0,0,1,1,0
Anthony Brackenridge,163039,LB,W KENTUCKY,1,0,0,346,58.9,0,0,1,12.5,0.0,0,0,0.0,0,8,1,0,0,58.9,0,0,1,50.0,0.0,0,0.0,0,2,1,0
Antavious Fish,163069,LB,AKRON,1,0,0,102,70.1,0,0,2,33.3,0.0,0,0,50.0,1,6,2,1,0,70.1,0,0,2,66.7,0.0,0,50.0,1,3,2,1
Kyle Thomas,163076,DI,AKRON,1,0,0,102,55.7,0,0,16,100.0,0.0,0,0,0.0,0,17,17,0,0,56.5,0,0,6,100.0,0.0,0,0.0,0,7,7,0
Jalen Huskey,163106,CB,BOWL GREEN,1,0,0,122,59.3,0,0,1,12.5,0.0,0,0,0.0,0,8,1,0,0,,0,0,0,0.0,,0,,0,5,0,0
Joseph Sipp Jr.,163114,LB,BOWL GREEN,1,0,0,122,58.6,0,0,1,33.3,0.0,0,0,0.0,0,3,1,0,0,58.6,0,0,1,50.0,0.0,0,0.0,0,2,1,0
Oliver Billotte,163123,ED,KENT STATE,1,0,0,201,60.0,0,0,1,100.0,0.0,0,0,0.0,0,1,1,0,0,,0,0,0,,,0,,0,0,0,0
Stephen Daley,163126,ED,KENT STATE,1,0,0,201,62.7,0,0,5,100.0,20.0,1,0,0.0,0,5,5,0,0,59.2,0,0,1,100.0,0.0,0,0.0,0,1,1,0
Kemari Copeland,163180,DI,ARMY,1,0,0,114,58.3,0,0,8,100.0,0.0,0,0,0.0,0,8,8,0,0,,0,0,0,,,0,,0,0,0,0
Donavon Platt,163211,CB,ARMY,1,0,0,114,58.7,0,0,1,3.1,0.0,0,0,0.0,0,32,1,0,0,58.7,0,0,1,16.7,0.0,0,0.0,0,6,1,0
Jacob Tuioti,163227,DI,ARMY,1,0,0,114,58.7,0,0,8,100.0,0.0,0,0,0.0,0,8,8,0,0,60.0,0,0,1,100.0,0.0,0,0.0,0,1,1,0
James Djonkam,163264,ED,ARIZONA ST,1,0,0,110,58.5,0,0,3,100.0,0.0,0,0,0.0,0,3,3,0,0,59.7,0,0,1,100.0,0.0,0,0.0,0,1,1,0
Jalil Rivera-Harvey,163275,DI,ARIZONA ST,1,0,0,110,57.9,0,0,4,100.0,0.0,0,0,0.0,0,5,5,0,0,58.1,0,0,2,100.0,0.0,0,0.0,0,3,3,0
Emar'rion Winston,163310,ED,OREGON,1,0,0,264,60.0,0,0,1,100.0,0.0,0,0,0.0,0,1,1,0,0,,0,0,0,,,0,,0,0,0,0
A.J. Haulcy,163349,S,NEW MEXICO,1,1,0,241,76.4,0,1,2,8.0,0.0,0,0,25.0,0,25,2,1,1,65.1,0,0,1,7.1,0.0,0,0.0,0,14,1,0
Jacob Holmes,163401,DI,FRESNO ST,1,0,0,169,66.2,0,0,4,100.0,25.0,1,0,0.0,0,4,4,0,0,66.5,0,0,2,100.0,50.0,1,0.0,0,2,2,0
Johnny Hudson Jr.,163402,DI,FRESNO ST,1,0,0,169,65.0,0,1,16,100.0,0.0,0,0,9.4,1,17,17,2,0,71.9,0,1,5,100.0,0.0,0,30.0,1,5,5,2
Jahzon Jacks,163403,DI,FRESNO ST,1,0,0,169,59.9,0,0,2,100.0,0.0,0,0,0.0,0,2,2,0,0,,0,0,0,,,0,,0,0,0,0
Gavriel Lightfoot,163405,DI,FRESNO ST,1,0,0,169,60.3,0,1,15,100.0,0.0,0,0,3.3,0,16,16,1,0,65.2,0,1,4,100.0,0.0,0,12.5,0,4,4,1
Sione Noa,163409,ED,FRESNO ST,1,0,0,169,60.3,0,1,1,50.0,100.0,1,0,50.0,0,2,1,1,0,,0,0,0,0.0,,0,,0,1,0,0
Omari Okeke,163437,LB,UTAH ST,1,0,0,329,76.8,0,1,2,40.0,100.0,2,0,25.0,0,5,2,1,0,,0,0,0,,,0,,0,0,0,0
Cooper Webb,163522,DI,LA MONROE,1,0,0,209,59.8,0,0,1,100.0,0.0,0,0,0.0,0,1,1,0,0,,0,0,0,,,0,,0,0,0,0
Keionte Scott,163644,CB,AUBURN,1,0,0,115,60.0,0,0,2,6.3,0.0,0,0,0.0,0,32,2,0,0,,0,0,0,0.0,,0,,0,14,0,0
Zxavian Harris,163658,DI,OLE MISS,1,0,0,226,59.6,0,0,3,100.0,0.0,0,0,0.0,0,4,4,0,0,,0,0,0,,,0,,0,0,0,0
Darren Agu,163703,ED,VANDERBILT,1,0,0,333,55.7,0,0,5,62.5,0.0,0,0,0.0,0,8,5,0,0,56.9,0,0,2,100.0,0.0,0,0.0,0,2,2,0
BJ Diakite,163709,ED,VANDERBILT,1,0,0,333,63.5,1,2,7,100.0,14.3,1,0,21.4,0,7,7,3,0,57.8,1,0,2,100.0,0.0,0,25.0,0,2,2,1
Yilanan Ouattara,163722,DI,VANDERBILT,1,0,0,333,59.2,0,0,3,100.0,0.0,0,0,0.0,0,3,3,0,0,59.9,0,0,1,100.0,0.0,0,0.0,0,1,1,0
Marvin Jones Jr.,163745,ED,GEORGIA,1,0,0,173,58.1,0,0,2,66.7,0.0,0,0,0.0,0,3,2,0,0,59.6,0,0,1,100.0,0.0,0,0.0,0,1,1,0
Joshua Josephs,163768,ED,TENNESSEE,1,0,0,307,77.2,0,1,12,92.9,16.7,2,0,12.5,1,14,13,2,0,72.6,0,1,4,100.0,25.0,1,12.5,0,4,4,1
Deone Walker,163783,DI,KENTUCKY,1,0,0,202,91.6,0,1,14,93.3,14.3,2,0,10.7,1,15,14,2,0,95.8,0,0,3,75.0,33.3,1,33.3,1,4,3,1
Alex Afari Jr.,163793,S,KENTUCKY,1,0,0,202,59.7,0,0,2,33.3,0.0,0,0,0.0,0,6,2,0,0,,0,0,0,0.0,,0,,0,1,0,0
Keaten Wade,163794,ED,KENTUCKY,1,0,0,202,71.0,0,0,1,100.0,0.0,0,0,100.0,1,1,1,1,0,,0,0,0,,,0,,0,0,0,0
Ethan Burke,163843,ED,TEXAS,1,0,0,311,60.0,0,0,1,100.0,0.0,0,0,0.0,0,1,1,0,0,,0,0,0,,,0,,0,0,0,0
Adonis Williams Jr.,164130,CB,OHIO,1,0,0,259,58.3,0,0,2,6.1,0.0,0,0,0.0,0,33,2,0,0,59.7,0,0,1,5.9,0.0,0,0.0,0,17,1,0
Chance Davis,169176,DI,UTSA,1,1,0,331,69.6,0,0,8,100.0,12.5,1,0,0.0,0,9,9,0,0,56.7,0,0,3,100.0,0.0,0,0.0,0,4,4,0
