player,player_id,position,team_name,player_game_count,attempts,avoided_tackles,breakaway_attempts,breakaway_percent,breakaway_yards,declined_penalties,designed_yards,drops,elu_recv_mtf,elu_rush_mtf,elu_yco,elusive_rating,explosive,first_downs,franchise_id,fumbles,gap_attempts,grades_hands_fumble,grades_offense,grades_offense_penalty,grades_pass,grades_pass_block,grades_pass_route,grades_run,grades_run_block,longest,penalties,rec_yards,receptions,routes,run_plays,scramble_yards,scrambles,targets,total_touches,touchdowns,yards,yards_after_contact,yco_attempt,ypa,yprr,zone_attempts
Devin Neal,144558,HB,KANSAS,1,37,8,2,36.2,75,0,207,0,1,8,135,80.1,6,15,198,0,18,80.3,84.0,80.2,,57.5,75.8,78.9,74.6,47,0,80,4,16,43,0,0,5,41,3,207,135,3.65,5.6,5.0,19
Bryson Daily,147303,QB,ARMY,1,37,3,1,10.9,15,0,136,0,0,3,71,17.4,2,10,114,1,14,52.7,58.5,76.9,29.3,,60.0,69.0,60.0,15,0,0,0,1,55,2,2,1,35,2,138,80,2.16,3.7,0.0,18
Kaleb Johnson,156419,HB,IOWA,1,35,8,0,0.0,0,0,164,0,1,8,118,84.3,4,11,192,0,7,80.0,73.6,78.3,,71.8,66.8,71.5,60.0,13,0,6,1,11,37,0,0,1,36,1,164,118,3.37,4.7,0.55,28
Anthony Tyus III,145037,HB,OHIO,1,33,2,2,43.2,54,0,125,0,0,2,110,20.2,2,8,259,0,25,79.7,64.9,79.4,,74.7,54.4,65.7,54.0,34,0,0,0,15,47,0,0,0,33,1,125,110,3.33,3.8,0.0,8
Ahmad Hardy,190013,HB,LA MONROE,1,30,8,1,36.5,72,0,197,0,0,8,161,134.2,5,9,209,1,8,45.0,77.0,78.9,,83.8,65.7,74.5,60.0,72,0,4,2,12,30,0,0,2,32,2,197,161,5.37,6.6,0.33,21
Bryson Washington,174649,HB,BAYLOR,1,29,1,0,0.0,0,0,113,0,0,1,99,11.4,1,7,118,1,13,78.7,65.6,76.4,,24.6,55.5,67.0,60.0,12,0,1,1,17,30,0,0,2,30,0,113,99,3.41,3.9,0.06,16
Jarquez Hunter,146662,HB,AUBURN,1,28,7,2,26.9,35,0,130,0,2,7,69,69.3,5,13,115,0,5,78.7,78.9,77.4,,71.7,73.4,77.2,58.7,20,0,23,4,20,34,0,0,4,32,3,130,69,2.46,4.6,1.15,23
Tyler Huff,142567,QB,JVILLE ST,1,28,6,4,46.8,89,0,171,0,0,3,51,24.5,7,13,196,0,13,77.1,93.0,76.9,90.8,,,82.9,60.0,38,0,0,0,0,54,19,3,0,25,3,190,70,2.5,6.8,,8
Tre Stewart,160817,HB,JVILLE ST,1,28,4,1,16.0,16,1,100,1,0,4,61,30.0,2,4,196,0,5,78.7,57.5,0.0,,71.6,42.3,63.9,50.1,16,1,7,1,10,52,0,0,2,29,0,100,61,2.18,3.6,0.7,23
Tahj Brooks,123133,HB,TEXAS TECH,1,28,2,2,42.1,56,0,133,0,2,2,70,27.0,3,9,315,0,14,78.7,72.0,78.2,,83.2,81.7,69.6,50.7,40,0,65,9,35,34,0,0,10,37,3,133,70,2.5,4.8,1.86,14
Cam Skattebo,147787,HB,ARIZONA ST,1,28,9,2,26.5,39,1,147,0,2,9,116,147.0,3,10,110,1,14,44.6,75.0,0.0,,76.7,62.8,77.5,57.9,23,2,12,3,18,36,0,0,3,31,3,147,116,4.14,5.3,0.67,14
Kyle Monangai,129891,HB,RUTGERS,1,28,5,2,27.9,34,0,122,0,1,5,75,51.8,2,7,278,0,2,78.7,70.3,77.6,,69.2,65.0,70.1,60.0,18,0,23,3,30,34,0,0,4,31,0,122,75,2.68,4.4,0.77,26
Jai'Den Thomas,174080,HB,UNLV,1,26,4,2,31.1,42,0,135,0,0,4,88,52.1,4,8,325,0,17,78.2,75.7,76.3,,78.4,53.6,75.7,57.8,25,0,0,0,14,32,0,0,0,26,1,135,88,3.38,5.2,0.0,8
Quintrevion Wisner,176190,HB,TEXAS,1,26,9,4,41.8,66,0,158,0,0,9,94,116.2,5,11,311,0,13,78.4,77.0,76.9,,79.2,57.6,77.6,56.7,17,0,-9,2,21,31,0,0,2,28,1,158,94,3.62,6.1,-0.43,13
Amari Daniels,146991,HB,TEXAS A&M,1,26,3,0,0.0,0,0,81,0,0,3,45,19.2,0,7,312,0,11,78.7,63.2,77.7,,51.5,41.2,67.3,58.2,9,0,1,1,18,36,0,0,1,27,1,81,45,1.73,3.1,0.06,15
Nate Noel,122249,HB,MISSOURI,1,25,2,1,15.8,15,0,95,0,0,2,45,14.4,2,4,229,0,6,78.2,59.5,77.2,,70.4,55.5,61.4,47.3,15,0,0,0,7,28,0,0,0,25,0,95,45,1.8,3.8,0.0,19
Al-Jay Henderson,145676,HB,BUFFALO,1,25,4,2,40.7,35,0,86,1,1,4,86,66.2,2,8,126,0,8,78.0,66.0,76.7,,81.5,53.8,66.0,58.0,19,0,75,1,14,31,0,0,2,26,1,86,86,3.44,3.4,5.36,17
Rahjai Harris,123814,HB,E CAROLINA,1,24,6,2,48.1,62,0,129,0,0,6,93,96.9,2,8,156,0,12,77.8,72.4,74.7,,74.6,46.4,72.8,59.1,39,0,0,0,7,28,0,0,0,24,3,129,93,3.88,5.4,0.0,12
Quinton Cooley,123380,HB,LIBERTY,1,24,3,4,47.6,79,0,166,0,0,3,88,45.8,5,8,206,1,16,37.9,80.0,76.7,,78.9,59.5,76.4,56.8,24,0,0,0,1,30,0,0,0,24,2,166,88,3.67,6.9,0.0,8
Ahmani Marshall,123391,HB,APP STATE,1,24,6,3,55.6,60,0,108,0,0,6,101,105.2,5,6,108,0,5,77.8,70.9,76.8,,40.7,55.2,71.1,60.0,23,0,0,0,9,28,0,0,0,24,1,108,101,4.21,4.5,0.0,19
Jackson Arnold,173684,QB,OKLAHOMA,1,23,4,2,34.1,46,0,110,0,0,3,82,75.9,5,8,261,0,16,75.2,72.4,76.3,64.6,,57.9,68.6,60.0,28,0,0,0,1,42,25,5,0,18,0,135,109,4.74,5.9,0.0,1
Marquez Cooper,130489,HB,S DIEGO ST,1,23,10,0,0.0,0,0,113,0,0,10,82,148.6,5,5,284,0,4,77.8,70.0,77.7,,56.4,55.9,73.4,48.5,14,0,9,1,23,30,0,0,1,24,1,113,82,3.57,4.9,0.39,19
Kye Robichaux,145532,HB,BOSTON COL,1,23,3,0,0.0,0,0,93,0,0,3,70,39.7,1,5,121,1,13,37.4,67.3,77.0,,77.3,58.9,66.8,59.9,10,0,0,0,11,26,0,0,0,23,1,93,70,3.04,4.0,0.0,10
Colton Joseph,172283,QB,DOMINION,1,23,5,3,56.2,95,0,141,0,0,5,90,112.5,4,7,263,2,5,26.5,66.2,77.5,52.9,,,73.2,60.0,39,0,0,0,0,42,28,3,0,20,2,169,95,4.13,7.3,,8
Anthony Hankerson,157691,HB,OREGON ST,1,23,3,0,0.0,0,0,83,1,2,3,73,63.5,1,2,265,0,9,77.5,61.5,0.0,,82.8,53.8,63.7,59.4,12,1,30,2,24,28,0,0,5,25,0,83,73,3.17,3.6,1.25,14
Owen Allen,127306,HB,AIR FORCE,1,23,1,0,0.0,0,0,107,0,0,1,64,12.1,1,6,101,0,8,77.8,69.3,78.8,,72.1,,67.5,59.3,11,0,0,0,0,38,0,0,0,23,1,107,64,2.78,4.7,,0
Quentin Hayes,186423,QB,AIR FORCE,1,21,3,1,23.9,16,0,67,0,0,3,28,19.0,3,11,101,0,3,37.0,77.2,77.0,28.9,,,82.2,60.0,16,0,0,0,0,68,0,0,0,21,1,67,28,1.33,3.2,,0
Nate Frazier,191146,HB,GEORGIA,1,21,4,2,25.0,34,0,136,0,0,4,64,55.4,4,9,173,0,7,77.0,79.5,75.8,,68.3,56.9,79.3,60.0,19,0,11,1,14,23,0,0,1,22,3,136,64,3.05,6.5,0.79,14
CJ Campbell Jr.,143876,HB,FAU,1,21,2,2,71.3,107,0,150,0,0,2,46,18.3,3,5,165,0,11,77.3,70.2,77.4,,78.3,62.4,69.3,,58,0,25,3,15,22,0,0,3,24,1,150,46,2.19,7.1,1.67,8
Ashton Jeanty,157196,HB,BOISE ST,1,20,7,5,79.9,135,0,169,0,0,7,148,246.7,5,5,120,0,14,77.0,76.3,77.5,,28.2,58.6,77.6,,61,0,4,1,10,21,0,0,1,21,1,169,148,7.4,8.5,0.4,6
Ashton Daniels,157259,QB,STANFORD,1,20,2,0,0.0,0,0,43,0,0,1,29,12.9,1,2,300,2,7,43.8,59.3,76.3,71.6,,,49.5,60.0,12,0,0,0,0,28,27,5,0,15,0,70,43,2.15,3.5,,4
LeQuint Allen,158290,HB,SYRACUSE,1,20,7,0,0.0,0,0,60,1,1,7,38,60.8,2,3,304,0,13,77.7,59.6,78.2,,82.6,51.9,61.2,60.0,10,0,30,5,31,28,0,0,6,25,1,60,38,1.9,3.0,0.97,7
Brashard Smith,143951,HB,SMU,1,19,6,0,0.0,0,0,63,0,0,6,66,109.7,1,3,287,0,12,76.7,66.1,76.0,,77.5,53.8,66.5,59.9,11,0,0,0,16,22,0,0,2,19,1,63,66,3.47,3.3,0.0,7
CJ Donaldson,157372,HB,W VIRGINIA,1,19,2,2,53.1,51,0,96,0,0,2,76,42.1,3,9,343,0,9,76.5,76.9,75.6,,74.4,54.4,77.8,54.6,31,0,0,0,11,31,0,0,0,19,2,96,76,4.0,5.1,0.0,10
Desmond Reid,159936,HB,PITTSBURGH,1,19,4,1,30.5,18,0,59,0,4,4,39,71.4,3,4,268,0,7,77.0,65.8,76.2,,35.9,61.8,66.7,,18,0,28,4,25,19,0,0,4,23,0,59,39,2.05,3.1,1.12,10
Charles Kellom,156890,HB,AKRON,1,19,7,1,21.2,22,0,104,0,1,7,71,142.4,3,5,102,0,0,76.5,81.0,75.7,,78.6,88.7,76.1,66.8,22,0,44,2,12,27,0,0,2,21,1,104,71,3.74,5.5,3.67,19
Hunter Watson,183993,QB,SM HOUSTON,1,19,3,1,18.9,21,0,86,0,0,2,44,39.1,2,6,281,1,12,74.2,68.3,77.3,63.0,,54.3,67.7,60.2,21,1,0,0,1,33,25,4,0,15,1,111,59,3.11,5.8,0.0,1
Demond Claiborne,157523,HB,WAKE,1,19,2,1,27.4,17,0,56,0,1,1,41,22.8,2,5,339,0,11,36.8,64.4,74.8,,39.3,67.9,64.1,,17,0,14,2,13,18,6,1,3,20,0,62,48,2.53,3.3,1.08,7
Bhayshul Tuten,150568,HB,VA TECH,1,19,5,1,34.5,29,0,84,0,0,5,91,108.9,1,2,337,0,5,76.8,63.2,77.4,,27.9,59.5,66.7,57.4,29,0,4,3,22,35,0,0,3,22,1,84,91,4.79,4.4,0.18,14
Star Thomas,156926,HB,DUKE,1,19,8,1,52.4,33,0,63,0,0,8,32,67.4,2,3,154,1,6,31.0,55.0,76.1,,83.8,59.5,53.4,,33,0,15,1,17,19,0,0,1,20,1,63,32,1.68,3.3,0.88,13
Bill Davis,176332,HB,LA LAFAYET,1,19,4,0,0.0,0,0,64,0,0,4,34,37.7,2,5,207,0,7,76.7,70.4,76.7,,73.6,53.5,72.9,60.0,14,0,0,0,18,21,0,0,0,19,3,64,34,1.79,3.4,0.0,12
Billy Lucas,109083,HB,LIBERTY,1,19,3,1,27.5,36,0,131,0,0,3,59,49.0,3,7,206,0,15,76.5,85.9,77.8,,84.3,58.8,80.3,69.3,36,0,0,0,1,26,0,0,0,19,1,131,59,3.11,6.9,0.0,4
Xavier Robinson,184603,HB,OKLAHOMA,1,18,3,2,54.2,58,0,107,0,0,3,93,70.5,3,7,261,0,13,76.2,74.1,76.9,,19.0,68.9,74.5,63.1,40,0,20,4,9,37,0,0,4,22,2,107,93,5.17,5.9,2.22,4
Garrett Greene,123420,QB,W VIRGINIA,1,18,3,1,23.1,15,0,52,0,0,1,38,13.1,2,4,343,3,8,42.3,69.3,77.4,73.1,,,59.2,60.0,15,0,0,0,0,50,13,1,0,17,0,65,45,2.5,3.6,,2
Montrell Johnson Jr.,147141,HB,FLORIDA,1,18,5,2,29.9,32,0,107,0,0,5,47,72.5,5,6,163,0,6,76.5,68.3,75.0,,70.0,55.0,67.7,,16,0,0,0,8,19,0,0,1,18,1,107,47,2.61,5.9,0.0,12
Freddie Brock,142276,HB,GA STATE,1,18,5,2,54.9,73,0,133,0,0,5,95,146.6,4,6,175,0,8,76.2,81.9,74.1,,80.7,57.0,78.5,60.0,57,0,0,0,3,25,0,0,0,18,3,133,95,5.28,7.4,0.0,10
Kay'Ron Lynch-Adams,101643,HB,MICH STATE,1,18,5,0,0.0,0,0,85,0,1,5,47,74.6,2,6,223,0,6,76.2,75.6,76.6,,74.6,67.0,75.8,60.0,11,0,18,3,21,21,0,0,3,21,0,85,47,2.61,4.7,0.86,12
Aaron Young,97161,HB,DOMINION,1,18,1,1,21.6,24,0,111,0,0,1,83,25.6,4,6,263,0,9,76.2,76.1,77.0,,76.8,51.4,79.9,57.6,24,0,0,0,23,33,0,0,1,18,2,111,83,4.61,6.2,0.0,9
Justin Marshall,173460,HB,COLO STATE,1,18,5,0,0.0,0,0,73,0,0,5,63,92.1,3,5,144,0,1,76.2,65.1,77.3,,81.1,51.8,68.0,59.2,12,0,3,1,32,22,0,0,3,19,1,73,63,3.5,4.1,0.09,17
Zak Wallace,104843,HB,ARK STATE,1,18,2,1,43.8,57,0,130,0,0,2,63,36.8,3,7,113,0,13,76.2,75.9,74.7,,27.1,57.8,77.9,60.0,57,0,-1,1,15,20,0,0,1,19,1,130,63,3.5,7.2,-0.07,5
Floyd Chalk IV,167095,HB,S JOSE ST,1,18,3,0,0.0,0,0,56,0,0,3,40,37.0,1,2,285,0,7,76.5,65.5,73.7,,82.2,58.6,63.9,60.0,11,0,0,0,2,21,0,0,0,18,0,56,40,2.22,3.1,0.0,11
Antwain Littleton II,144892,HB,TEMPLE,1,18,4,2,73.4,47,0,64,1,0,4,70,77.8,2,4,306,0,9,76.2,71.4,75.9,,78.0,43.6,72.2,79.9,27,0,2,2,16,18,0,0,3,20,1,64,70,3.89,3.6,0.13,5
Woody Marks,124179,HB,USC,1,18,3,1,21.1,16,0,76,0,1,3,58,58.6,1,3,326,0,12,76.2,73.5,76.2,,77.7,67.7,73.5,60.0,16,0,25,4,27,22,0,0,4,22,0,76,58,3.22,4.2,0.93,6
Braylon Braxton,144442,QB,MARSHALL,1,18,3,2,31.5,46,0,105,0,0,2,50,51.0,7,8,214,0,5,73.9,90.6,76.9,80.9,,,81.2,60.0,27,0,0,0,0,37,41,4,0,14,0,146,72,4.0,8.1,,4
Marcel Reed,175940,QB,TEXAS A&M,1,17,0,1,17.6,15,0,38,0,0,0,13,0.0,3,4,312,1,5,72.1,66.4,31.6,68.9,,,59.9,60.2,15,1,0,0,0,41,47,9,0,8,0,85,36,2.12,5.0,,3
Darius Taylor,173422,HB,MINNESOTA,1,17,5,0,0.0,0,0,58,0,1,5,63,111.2,3,5,225,0,6,75.9,62.7,75.1,,22.0,66.0,62.7,60.0,12,0,8,3,12,20,0,0,3,20,0,58,63,3.71,3.4,0.67,11
Micah Bernard,100583,HB,UTAH,1,17,3,0,0.0,0,0,42,0,1,3,37,41.5,1,3,328,0,7,75.9,64.0,76.3,,75.2,78.2,60.5,60.0,12,0,26,4,14,20,0,0,4,21,1,42,37,2.18,2.5,1.86,10
Lee Beebe Jr.,163009,HB,UAB,1,17,9,2,47.2,76,0,161,0,0,9,145,451.6,6,9,321,0,8,76.2,87.0,76.7,,78.7,52.7,88.0,59.5,48,0,0,0,11,20,0,0,0,17,2,161,145,8.53,9.5,0.0,9
Justice Ellison,123383,HB,INDIANA,1,17,6,0,0.0,0,0,62,0,0,6,52,108.0,1,4,190,1,5,28.7,58.2,75.4,,49.1,55.0,59.4,60.0,11,0,0,0,6,20,0,0,0,17,0,62,52,3.06,3.6,0.0,11
Shane Porter,144592,HB,N TEXAS,1,17,5,1,27.0,20,0,74,0,1,5,28,47.1,2,3,251,0,7,75.9,72.4,77.3,,48.7,66.2,73.5,59.5,20,0,25,4,20,20,0,0,4,21,0,74,28,1.65,4.4,1.25,10
Parker Navarro,123758,QB,OHIO,1,17,4,1,43.3,45,0,86,0,0,4,78,184.6,2,5,259,1,10,38.7,51.9,77.3,55.1,,,53.0,60.0,45,0,0,0,0,49,18,4,0,13,2,104,84,4.94,6.1,,2
Ja'Quinden Jackson,123119,HB,ARKANSAS,1,16,2,0,0.0,0,0,55,0,0,2,26,20.3,1,5,111,0,6,75.5,64.3,76.8,,74.2,53.2,65.5,59.6,13,0,0,0,19,18,0,0,0,16,1,55,26,1.63,3.4,0.0,10
Devonte Lyons,189778,HB,FIU,1,16,1,0,0.0,0,0,99,0,1,1,53,39.0,3,4,166,0,12,75.5,77.3,76.7,,77.0,67.2,77.2,51.7,13,0,6,1,9,19,0,0,2,17,0,99,53,3.31,6.2,0.67,4
Harrison Waylee,130584,HB,WYOMING,1,16,5,0,0.0,0,1,61,0,0,5,46,84.6,2,2,351,1,8,29.1,55.8,74.9,,26.7,60.8,58.3,57.7,12,1,2,1,7,21,0,0,1,17,0,61,46,2.88,3.8,0.29,8
Damien Martinez,162437,HB,MIAMI FL,1,16,3,0,0.0,0,0,63,0,2,3,47,81.6,2,5,220,0,15,75.5,65.2,76.9,,76.7,59.8,66.0,58.2,13,0,18,2,25,20,0,0,2,18,0,63,47,2.94,3.9,0.72,1
Robert Henry Jr.,174094,HB,UTSA,1,16,4,2,71.9,128,0,178,0,0,4,120,176.5,4,5,331,0,4,75.5,77.9,75.5,,79.1,55.1,80.2,60.0,88,0,2,1,17,18,0,0,2,17,2,178,120,7.5,11.1,0.12,12
Emmett Johnson,156473,HB,NEBRASKA,1,16,7,2,30.1,34,0,113,0,3,7,75,213.1,4,7,238,0,7,75.6,73.2,76.9,,53.1,86.7,70.6,47.1,19,0,85,6,30,16,0,0,6,22,0,113,75,4.69,7.1,2.83,9
RJ Harvey,99622,HB,UCF,1,16,1,3,56.9,74,0,130,0,1,1,49,34.0,5,7,323,0,6,76.2,77.2,0.0,,10.9,82.2,78.2,60.0,28,1,19,2,13,20,0,0,2,18,2,130,49,3.06,8.1,1.46,9
Braydon Bennett,122318,HB,COAST CAR,1,16,6,3,80.4,111,0,138,0,0,6,121,266.9,4,4,141,0,5,75.5,69.6,75.1,,79.1,58.3,70.1,55.3,67,0,5,1,13,22,0,0,1,17,0,138,121,7.56,8.6,0.38,11
Dean Connors,156624,HB,RICE,1,16,2,0,0.0,0,0,62,0,1,2,32,31.6,2,6,275,1,2,75.2,66.7,76.6,,65.2,63.3,66.7,,11,0,43,3,32,16,0,0,5,19,1,62,32,2.0,3.9,1.34,14
Rashod Dubinion,157020,HB,ARKANSAS,1,15,9,4,59.8,67,0,112,0,2,9,94,383.0,6,8,111,0,7,75.2,79.7,76.0,,72.8,68.9,78.8,60.0,18,0,24,3,14,16,0,0,4,18,0,112,94,6.27,7.5,1.71,8
Telly Johnson Jr.,188420,HB,N ILLINOIS,1,15,3,0,0.0,0,0,47,0,0,3,37,46.3,0,1,254,0,11,75.2,61.7,76.0,,40.5,59.7,62.0,60.0,9,0,1,1,10,18,0,0,2,16,1,47,37,2.47,3.1,0.1,4
Jaydon Blue,157303,HB,TEXAS,1,15,3,1,22.8,21,0,92,0,0,3,64,80.0,2,5,311,1,4,27.0,63.4,75.8,,13.7,52.7,68.1,59.8,21,0,5,1,17,17,0,0,2,16,1,92,64,4.27,6.1,0.29,8
CJ Hester,171398,HB,UMASS,1,15,2,1,29.7,22,0,74,0,0,2,67,55.8,2,3,216,0,1,75.2,67.9,74.6,,74.8,56.8,68.6,59.2,22,0,2,1,13,21,0,0,1,16,1,74,67,4.47,4.9,0.15,14
Damien Taylor,147252,HB,TROY,1,15,5,1,23.5,16,0,68,0,0,5,54,120.0,1,4,318,0,7,75.2,72.0,77.4,,62.0,53.5,74.8,58.9,16,1,0,0,16,17,0,0,0,15,0,68,54,3.6,4.5,0.0,8
Viron Ellison Jr.,190723,HB,TULSA,1,15,1,1,26.0,19,0,73,0,0,1,56,22.0,2,5,320,0,4,75.2,74.7,74.0,,55.6,69.5,74.2,56.6,19,0,17,2,9,19,0,0,3,17,1,73,56,3.73,4.9,1.89,10
Raheim Sanders,146626,HB,S CAROLINA,1,15,6,1,23.6,17,0,72,0,5,6,60,220.0,2,3,289,0,3,75.3,72.3,76.3,,7.0,80.9,72.0,58.6,17,0,39,5,18,22,0,0,5,20,1,72,60,4.0,4.8,2.17,12
Bryson Barnes,131845,QB,UTAH ST,1,15,4,4,71.0,137,0,168,0,0,3,114,202.4,6,10,329,1,10,34.4,94.2,75.9,92.0,,,83.9,60.0,63,0,0,0,0,34,25,2,0,13,1,193,117,7.8,12.9,,2
B.J. Harris,146874,HB,C MICHIGAN,1,15,3,0,0.0,0,0,41,0,1,3,33,51.8,1,3,134,0,5,75.2,72.8,74.1,,75.4,91.2,66.8,60.0,11,0,47,2,2,16,0,0,2,17,1,41,33,2.2,2.7,23.5,10
Ismail Mahdi,161419,HB,TEXAS ST,1,15,0,1,27.6,16,0,58,0,0,0,51,0.0,1,2,314,0,7,75.2,61.0,75.5,,75.8,65.0,59.1,60.0,16,0,25,3,20,16,0,0,3,18,0,58,51,3.4,3.9,1.25,8
Ty Son Lawton,78578,HB,INDIANA,1,15,2,1,26.6,21,0,79,0,0,2,59,46.3,2,6,190,0,5,75.2,73.3,75.4,,23.2,60.2,74.7,60.0,21,0,9,2,8,17,0,0,4,17,2,79,59,3.93,5.3,1.13,10
London Montgomery,170288,HB,E CAROLINA,1,15,1,0,0.0,0,0,63,0,1,1,30,25.0,0,5,156,0,8,75.2,74.5,73.8,,23.6,76.3,71.1,,9,0,8,1,6,15,0,0,1,16,0,63,30,2.0,4.2,1.33,7
Anthony Watkins,99165,HB,TULSA,1,15,2,1,76.2,77,0,101,0,0,2,83,69.2,1,2,320,0,7,75.2,71.9,74.6,,80.0,60.4,70.7,60.0,77,0,-4,1,9,18,0,0,1,16,1,101,83,5.53,6.7,-0.44,8
Marion Lukes,145697,HB,C MICHIGAN,1,15,5,2,38.7,36,0,93,0,0,5,43,89.6,4,6,134,0,5,75.2,82.1,76.1,,70.0,66.0,78.6,60.0,19,0,12,1,9,19,0,0,3,16,0,93,43,2.87,6.2,1.33,10
DJ Giddens,144595,HB,KANSAS ST,1,15,5,4,61.5,88,0,143,0,2,5,95,246.3,5,7,199,0,8,75.6,75.2,75.3,,39.1,75.9,75.4,47.9,32,0,39,3,11,22,0,0,3,18,2,143,95,6.33,9.5,3.55,7
Corey Kiner,86392,HB,CINCINNATI,1,15,10,3,56.4,79,0,140,0,1,10,102,440.0,7,6,138,0,3,75.2,71.9,77.1,,22.9,63.2,77.9,59.7,29,0,18,2,19,17,0,0,3,17,0,140,102,6.8,9.3,0.95,12
Ollie Gordon II,157792,HB,OKLA STATE,1,15,2,2,64.7,101,0,156,0,2,2,107,158.5,3,6,262,0,7,75.2,78.0,0.0,59.9,68.3,64.8,83.9,59.3,68,1,30,3,24,25,0,0,3,18,3,156,107,7.13,10.4,1.25,8
Dylan Carson,173850,FB,AIR FORCE,1,14,3,1,47.6,50,0,105,0,0,3,80,122.4,2,3,101,0,4,74.8,76.0,75.9,,72.3,,72.9,59.9,50,0,0,0,0,19,0,0,0,14,1,105,80,5.71,7.5,,0
Quinshon Judkins,157128,HB,OHIO STATE,1,14,2,0,0.0,0,0,36,0,0,2,27,24.1,0,2,260,0,9,74.8,66.8,75.5,,24.2,74.6,66.7,60.0,8,0,7,2,6,16,0,0,2,16,0,36,27,1.93,2.6,1.17,5
Nay'Quan Wright,98803,HB,USF,1,14,0,0,0.0,0,0,27,0,0,0,17,0.0,0,2,327,0,10,74.8,56.4,0.0,,56.7,74.2,56.0,59.7,8,1,13,1,11,17,0,0,1,15,1,27,17,1.21,1.9,1.18,4
Caden Durham,184449,HB,LSU,1,14,3,0,0.0,0,0,58,1,0,3,43,57.6,1,3,211,0,2,74.8,60.4,74.2,,72.7,39.1,63.9,60.0,11,0,6,2,10,15,0,0,3,16,0,58,43,3.07,4.1,0.6,12
Josh Williams,99171,HB,LSU,1,14,2,2,45.6,41,0,90,0,4,2,58,138.1,2,4,211,0,3,75.0,76.8,75.7,,27.4,86.1,75.4,60.0,21,0,61,4,20,16,0,0,4,18,2,90,58,4.14,6.4,3.05,11
Michel Dukes,99591,HB,GA STATE,1,14,2,1,37.1,23,0,62,0,2,2,47,79.0,2,3,175,0,4,75.3,73.3,76.4,,19.6,90.7,67.1,60.0,23,0,47,3,17,20,0,0,3,17,1,62,47,3.36,4.4,2.76,10
Cartevious Norton,157582,HB,CHARLOTTE,1,14,3,1,55.3,21,0,38,0,0,3,45,68.9,1,2,136,0,9,74.8,55.9,74.7,,75.7,53.1,58.5,51.8,21,0,0,0,14,14,0,0,0,14,0,38,45,3.21,2.7,0.0,5
Tawee Walker,158097,HB,WISCONSIN,1,14,4,1,34.5,19,0,55,0,0,4,53,108.2,1,3,349,1,6,26.5,57.3,76.8,,79.7,52.5,57.5,60.0,19,0,0,0,12,15,0,0,0,14,0,55,53,3.79,3.9,0.0,8
Jalen Milroe,146590,QB,ALABAMA,1,14,4,0,0.0,0,0,9,0,0,3,11,19.5,1,1,103,0,9,74.0,67.2,76.5,71.9,,,56.3,60.0,11,0,0,0,0,29,3,1,0,13,0,12,17,1.21,0.9,,1
Keyon Mozee,145809,HB,MIAMI OH,1,14,4,2,44.0,40,0,91,0,0,4,56,114.3,4,3,221,0,2,74.8,72.2,72.6,,26.2,56.6,73.1,60.0,23,0,0,0,6,15,0,0,0,14,0,91,56,4.0,6.5,0.0,10
John Mateer,158516,QB,WASH STATE,1,14,4,0,0.0,0,0,34,0,0,2,26,43.0,4,9,341,1,5,72.9,90.7,15.0,90.3,,,74.0,60.0,24,1,21,0,0,24,41,3,0,11,2,75,31,2.21,5.4,,3
Qua Ashley,160363,HB,KENNESAW,1,14,3,1,45.9,28,0,61,0,0,3,49,58.3,1,2,200,0,14,31.9,59.5,78.4,,5.7,70.6,61.1,56.7,28,0,27,4,18,24,0,0,4,18,0,61,49,3.5,4.4,1.5,0
T.J. Harden,162457,HB,UCLA,1,14,1,2,67.3,66,0,98,0,0,1,71,29.8,2,4,324,0,1,75.2,71.2,75.9,,43.1,77.8,69.5,60.0,40,0,37,3,23,16,0,0,3,17,0,98,71,5.07,7.0,1.61,13
Carson Hansen,174669,HB,IOWA STATE,1,14,1,1,26.3,15,0,57,0,0,1,21,9.4,1,6,193,0,12,74.8,73.9,76.8,74.3,40.1,69.7,71.6,58.6,15,0,28,2,11,22,0,0,2,16,2,57,21,1.5,4.1,2.55,2
Marcus Carroll,123849,HB,MISSOURI,1,14,2,1,31.1,19,0,61,0,0,2,43,43.9,1,4,229,0,6,75.2,70.6,76.0,,,57.8,69.0,60.0,19,0,0,0,3,18,0,0,0,14,3,61,43,3.07,4.4,0.0,8
Dawson Pendergrass,174637,HB,BAYLOR,1,14,1,0,0.0,0,0,41,0,0,1,30,15.3,0,2,118,0,9,74.8,64.2,71.4,,,56.3,64.1,,8,0,0,0,5,14,0,0,1,14,0,41,30,2.14,2.9,0.0,5
Kentrel Bullock,124129,HB,S ALABAMA,1,14,3,1,46.3,25,0,54,0,0,3,31,41.5,2,4,288,0,13,74.8,71.5,74.5,,12.0,69.0,71.9,,25,0,28,2,12,14,0,0,2,16,0,54,31,2.21,3.9,2.33,1
Jamal Haynes,143918,HB,GA TECH,1,14,1,0,0.0,0,0,36,0,1,1,29,23.0,1,1,176,0,11,74.9,53.5,0.0,,20.1,61.4,57.2,45.8,12,1,34,4,26,25,0,0,4,18,0,36,29,2.07,2.6,1.31,3
Josh McCray,144799,HB,ILLINOIS,1,13,2,1,29.3,17,0,58,0,0,2,39,46.2,1,3,187,0,5,74.4,68.1,76.9,,85.3,62.9,66.4,59.1,17,0,0,0,11,17,0,0,0,13,1,58,39,3.0,4.5,0.0,8
Quali Conley,141259,HB,ARIZONA,1,13,2,1,40.5,17,0,42,0,0,2,21,20.2,1,3,109,0,7,74.5,61.7,77.6,,64.2,59.5,64.1,47.3,17,0,19,3,23,14,0,0,3,16,0,42,21,1.62,3.2,0.83,6
Nicholas Singleton,164188,HB,PENN STATE,1,13,5,1,23.8,15,0,63,0,1,5,43,104.5,2,3,266,0,7,74.6,70.6,76.0,,75.3,75.4,69.1,58.8,15,0,37,6,23,18,0,0,6,19,1,63,43,3.31,4.8,1.61,5
Ta'ron Keith,130368,HB,USF,1,13,5,2,65.9,56,0,85,0,0,5,41,121.3,3,4,327,0,4,74.5,79.8,73.5,,69.1,56.6,78.1,60.0,30,0,0,0,4,14,0,0,0,13,1,85,41,3.15,6.5,0.0,9
Jevon Jackson,149110,HB,UTEP,1,13,3,0,0.0,0,0,25,0,0,3,31,47.7,0,0,330,0,3,74.5,66.2,76.5,,80.3,60.9,65.7,58.7,6,0,6,2,16,17,0,0,3,15,0,25,31,2.38,1.9,0.38,10
Isaac Brown,183312,HB,LOUISVILLE,1,13,4,2,66.7,62,0,93,0,0,4,41,90.1,2,5,210,0,5,74.4,76.5,74.8,,28.2,56.8,78.5,,47,0,9,1,13,13,0,0,1,14,2,93,41,3.15,7.2,0.69,8
Davis Bryson,160369,QB,KENNESAW,1,13,1,1,47.5,19,0,40,0,0,1,16,9.5,1,3,200,0,7,73.9,75.4,76.7,68.4,,,72.1,60.0,19,0,0,0,0,37,0,0,0,13,2,40,16,1.23,3.1,,2
Ky Thomas,129669,HB,KENT STATE,1,13,2,1,28.8,15,0,52,0,0,2,31,36.7,2,2,201,0,6,74.8,60.8,74.8,,82.3,56.4,60.0,60.0,15,0,0,0,6,15,0,0,0,13,0,52,31,2.38,4.0,0.0,6
Jadan Baugh,184417,HB,FLORIDA,1,13,3,1,37.0,17,0,46,0,0,3,31,51.1,1,2,163,0,3,74.8,67.3,75.1,,74.8,76.9,63.8,60.0,17,0,25,1,5,15,0,0,1,14,0,46,31,2.38,3.5,5.0,10
Jalen White,122464,HB,GA SOUTHRN,1,13,4,1,41.3,19,0,46,0,0,4,37,81.3,1,3,174,0,8,74.4,68.6,75.2,,76.6,56.3,70.6,60.0,19,0,2,1,24,14,0,0,1,14,1,46,37,2.85,3.5,0.08,5
Athan Kaliakmanis,144971,QB,RUTGERS,1,13,4,1,24.1,20,0,25,0,0,1,16,44.4,4,8,278,1,0,41.3,77.9,77.6,72.8,,,71.5,60.0,20,0,0,0,0,38,58,7,0,6,2,83,37,2.85,6.4,,2
Rodrigues Clark,101068,HB,SO MISS,1,12,8,2,68.1,77,0,113,0,0,8,83,461.1,3,4,296,0,5,74.0,67.7,75.1,,75.0,54.6,70.3,50.0,49,0,0,0,10,17,0,0,0,12,0,113,83,6.92,9.4,0.0,7
George Pettaway,156351,HB,JAMES MAD,1,12,2,2,44.4,36,0,81,0,1,2,37,57.8,3,4,197,0,6,74.2,71.6,74.5,,70.0,66.1,71.3,58.5,19,0,31,4,14,15,0,0,4,16,0,81,37,3.08,6.8,2.21,6
Jalen Buckley,163158,HB,W MICHIGAN,1,12,0,1,30.0,15,0,50,0,0,0,45,0.0,1,4,347,0,1,74.0,67.0,73.9,,73.4,57.5,67.0,,15,0,3,1,8,12,0,0,2,13,1,50,45,3.75,4.2,0.38,11
Bryson Donelson,191080,HB,FRESNO ST,1,12,3,4,80.7,113,0,140,0,0,3,106,220.8,4,5,169,0,5,74.0,69.0,75.1,,27.8,52.7,72.4,60.0,43,0,0,0,14,13,0,0,0,12,1,140,106,8.83,11.7,0.0,7
Wayne Knight,156712,HB,JAMES MAD,1,12,3,1,26.2,16,0,61,0,0,3,31,59.6,2,3,197,0,3,74.0,66.0,75.2,,77.5,54.0,68.9,59.3,16,0,5,1,18,15,0,0,1,13,0,61,31,2.58,5.1,0.28,9
Mike Washington Jr.,145672,HB,NEW MEX ST,1,12,1,0,0.0,0,0,22,0,0,1,20,13.9,1,2,242,1,4,24.8,52.2,74.6,,74.7,55.7,55.2,49.8,11,0,0,0,4,18,0,0,0,12,1,22,20,1.67,1.8,0.0,8
Brandon High Jr.,174095,HB,UTSA,1,12,3,0,0.0,0,0,40,0,0,3,29,60.4,0,2,331,0,3,74.0,63.0,72.6,,7.7,58.6,64.8,,7,0,0,0,2,12,0,0,0,12,1,40,29,2.42,3.3,0.0,9
Jam Miller,157003,HB,ALABAMA,1,12,1,0,0.0,0,0,45,1,0,1,31,19.9,0,4,103,0,4,74.0,63.8,76.4,,71.9,37.7,68.0,66.6,9,0,6,1,14,24,0,0,2,13,0,45,31,2.58,3.8,0.43,8
Delbert Mimms III,99609,HB,E MICHIGAN,1,12,2,0,0.0,0,0,49,0,0,2,42,50.0,0,3,160,0,1,74.1,69.1,75.8,,72.2,56.2,72.4,58.5,9,0,5,2,22,16,0,0,2,14,0,49,42,3.5,4.1,0.23,11
Kalel Mullings,129590,HB,MICHIGAN,1,12,5,1,51.1,47,0,92,0,1,5,42,150.0,3,10,222,0,5,74.1,82.3,73.9,,72.9,64.2,81.8,59.6,47,0,17,2,7,14,0,0,2,14,3,92,42,3.5,7.7,2.43,7
Herschel Turner,191372,HB,UTAH ST,1,12,0,1,50.0,26,0,52,0,0,0,33,0.0,1,3,329,0,5,74.0,66.8,76.4,,71.7,53.3,70.1,58.8,26,0,3,1,17,18,0,0,1,13,1,52,33,2.75,4.3,0.18,7
Jahiem White,173192,HB,W VIRGINIA,1,12,1,1,64.8,35,0,54,0,0,1,48,30.8,1,3,343,0,5,74.0,65.2,75.2,,56.5,57.9,66.0,59.0,35,0,1,1,9,22,0,0,1,13,1,54,48,4.0,4.5,0.11,7
Davon Booth,174754,HB,MISS STATE,1,12,8,3,79.0,98,0,124,0,0,8,94,522.2,3,5,227,0,7,74.9,84.7,75.5,,24.2,53.9,88.4,60.0,43,0,0,0,15,15,0,0,0,12,1,124,94,7.83,10.3,0.0,5
Seth McGowan,122936,HB,NEW MEX ST,1,12,6,1,39.8,33,0,83,0,1,6,78,252.8,3,3,242,1,7,28.0,78.4,77.1,,79.4,91.4,67.2,65.9,33,0,96,6,13,23,0,0,6,18,0,83,78,6.5,6.9,7.38,5
Myles Bailey,145722,HB,C MICHIGAN,1,11,3,0,0.0,0,0,51,0,0,3,37,77.6,0,3,134,0,2,74.0,72.9,74.5,,70.0,66.0,69.8,70.6,8,0,8,2,6,15,0,0,2,13,0,51,37,3.36,4.6,1.33,8
LJ Johnson Jr.,147003,HB,SMU,1,11,2,1,39.5,17,0,43,0,0,2,34,41.2,1,2,287,0,5,73.7,71.8,73.0,,80.2,88.9,66.3,60.0,17,0,49,4,9,12,0,0,4,15,0,43,34,3.09,3.9,5.44,6
Kenyon Clay,156837,HB,SO MISS,1,11,3,0,0.0,0,0,48,0,1,3,38,86.4,3,5,296,0,2,73.7,70.5,76.3,53.3,20.2,70.3,71.8,74.3,13,0,39,5,17,18,0,0,5,16,0,48,38,3.45,4.4,2.29,9
Brendon Lewis,131687,QB,NEVADA,1,11,5,1,23.1,15,0,34,0,0,1,24,37.5,4,6,239,1,5,24.7,72.4,76.6,68.9,,,67.6,60.1,15,0,0,0,0,20,31,3,0,8,0,65,52,4.73,5.9,,2
Anthony Colandrea,170131,QB,VIRGINIA,1,11,5,0,0.0,0,0,10,0,0,1,15,166.7,4,4,335,1,1,36.8,64.1,76.8,60.6,,,64.2,60.0,13,0,0,0,0,25,54,8,0,3,0,64,33,3.0,5.8,,0
Jamari Ferrell,71409,HB,WYOMING,1,11,3,0,0.0,0,0,43,0,0,3,28,63.6,1,3,351,0,5,73.6,62.0,75.1,,47.0,59.6,62.7,58.4,13,0,1,1,10,15,0,0,1,12,0,43,28,2.55,3.9,0.1,6
Jay Ducker,130550,HB,SM HOUSTON,1,11,2,0,0.0,0,0,43,0,0,2,33,50.0,2,3,281,0,6,73.6,64.7,76.5,,80.7,56.6,66.7,50.9,13,0,1,1,9,25,0,0,2,12,0,43,33,3.0,3.9,0.11,3
Kamari Moulton,170168,HB,IOWA,1,11,3,1,67.3,68,0,101,0,0,3,32,79.3,1,3,192,0,1,73.5,62.5,73.7,,67.7,58.7,62.2,60.0,68,0,0,0,2,12,0,0,0,11,1,101,32,2.91,9.2,0.0,10
Omarion Hampton,162750,HB,N CAROLINA,1,11,3,1,28.3,15,0,53,0,1,3,40,103.9,1,2,245,0,0,73.7,65.5,76.2,,33.2,64.2,67.1,,15,0,14,3,22,11,0,0,4,14,0,53,40,3.64,4.8,0.64,11
Jordon Simmons,129634,HB,AKRON,1,11,1,2,69.9,79,0,113,0,0,1,28,23.1,2,4,102,0,1,73.5,64.1,75.2,,18.8,55.4,68.4,58.7,59,0,0,0,12,16,0,0,1,11,0,113,28,2.55,10.3,0.0,10
Hajj-Malik Williams,102348,QB,UNLV,1,11,6,0,0.0,0,0,9,0,0,2,11,44.9,0,2,325,0,3,71.4,65.2,77.7,58.2,,,68.0,60.0,8,0,0,0,0,58,21,4,0,7,0,30,40,3.64,2.7,,1
Jamarion Wilcox,175162,HB,KENTUCKY,1,11,3,1,36.0,18,0,50,0,0,3,36,89.3,3,2,202,0,5,73.5,72.8,73.9,,73.2,56.7,72.0,60.0,18,0,0,0,6,12,0,0,0,11,0,50,36,3.27,4.5,0.0,6
Micah Davis,125264,WR,OLE MISS,1,11,1,0,0.0,0,0,27,0,0,1,23,16.1,0,1,226,0,5,74.8,56.1,75.3,,0.0,58.9,59.6,59.6,6,0,12,2,25,15,0,0,2,13,0,27,23,2.09,2.5,0.48,6
LaNorris Sellers,174326,QB,S CAROLINA,1,11,1,1,22.1,15,0,57,0,0,1,19,23.5,4,6,289,0,3,72.7,88.8,76.3,81.4,,,76.6,60.0,15,0,0,0,0,28,11,2,0,9,1,68,30,2.73,6.2,,3
Dylan Sampson,163772,HB,TENNESSEE,1,11,6,0,0.0,0,0,77,0,0,6,48,201.4,3,3,307,0,9,74.1,79.1,75.1,,62.7,73.1,77.0,78.7,14,0,25,2,15,14,0,0,3,13,1,77,48,4.36,7.0,1.67,2
Greg Burrell,184204,HB,UNLV,1,11,5,0,0.0,0,0,44,0,0,5,31,128.1,0,2,325,0,8,73.5,69.8,73.6,,69.7,,67.0,64.2,9,0,0,0,0,16,0,0,0,11,0,44,31,2.82,4.0,,3
Sevion Morrison,129705,HB,KANSAS,1,11,1,1,31.9,15,0,47,0,0,1,31,25.6,2,3,198,0,5,73.7,60.3,72.5,,,57.7,60.4,60.0,15,0,0,0,3,12,0,0,0,11,0,47,31,2.82,4.3,0.0,6
Duke Watson,190596,HB,LOUISVILLE,1,11,9,1,31.9,22,0,69,1,0,9,54,368.2,3,4,210,0,3,73.6,78.3,73.4,,72.1,57.9,78.9,,22,0,16,1,8,11,0,0,2,12,0,69,54,4.91,6.3,2.0,8
Jadarian Price,156985,HB,NOTRE DAME,1,10,6,0,0.0,0,0,53,0,0,6,30,180.0,3,4,258,0,6,73.1,62.2,73.6,,83.9,55.2,64.8,48.6,14,0,0,0,8,13,0,0,0,10,2,53,30,3.0,5.3,0.0,4
A.J. Turner,156791,HB,MARSHALL,1,10,2,1,41.5,22,0,53,0,0,2,25,50.0,1,3,214,0,1,73.1,70.1,74.4,,70.0,57.9,69.3,59.2,22,0,0,0,2,20,0,0,0,10,0,53,25,2.5,5.3,0.0,9
Alonza Barnett III,156710,QB,JAMES MAD,1,10,3,0,0.0,0,0,21,0,0,2,6,24.5,2,3,197,2,3,43.1,52.3,77.5,50.6,,,58.9,60.2,13,1,0,0,0,33,19,3,0,7,0,40,36,3.6,4.0,,2
Marcus Major,99488,HB,MINNESOTA,1,10,3,1,54.1,20,0,37,0,0,3,20,54.5,1,3,225,0,1,73.1,71.3,74.0,,79.0,61.7,70.1,59.6,20,0,1,1,6,13,0,0,1,11,1,37,20,2.0,3.7,0.17,9
Kelley Joiner Jr.,101124,HB,USF,1,10,4,3,80.9,106,0,131,0,0,4,69,276.0,3,5,327,0,4,73.1,85.8,73.8,,75.7,54.2,85.7,,48,0,0,0,7,10,0,0,0,10,2,131,69,6.9,13.1,0.0,6
Sam Leavitt,175465,QB,ARIZONA ST,1,10,5,0,0.0,0,0,-33,0,0,1,3,8.3,1,3,110,0,1,71.1,72.1,76.9,73.5,,,60.3,60.0,16,1,0,0,0,40,29,4,0,6,0,-4,37,3.7,-0.4,,1
Noah Vaughn,175443,HB,VIRGINIA,1,10,1,0,0.0,0,0,44,0,1,1,31,47.7,1,4,335,0,5,73.2,61.6,76.1,,21.1,59.8,64.2,60.0,12,0,16,3,22,11,0,0,3,13,0,44,31,3.1,4.4,0.73,5
William Watson III,174771,QB,VA TECH,1,10,2,0,0.0,0,0,18,0,0,0,12,0.0,2,4,337,1,2,71.1,49.8,76.8,44.0,,,63.8,60.0,15,0,0,0,0,26,30,5,0,5,0,48,37,3.7,4.8,,2
Brady Cook,124199,QB,MISSOURI,1,10,1,0,0.0,0,0,9,0,0,0,5,0.0,0,3,229,1,3,44.6,78.0,77.5,80.8,,,61.3,60.1,9,0,0,0,0,56,9,2,0,8,0,18,22,2.2,1.8,,0
David Mbadinga,174136,HB,GA SOUTHRN,1,10,1,0,0.0,0,0,32,0,1,1,20,36.4,0,1,174,0,7,73.1,68.5,71.6,,70.2,78.2,65.3,,8,0,13,1,2,10,0,0,1,11,0,32,20,2.0,3.2,6.5,3
Dante Dowdell,174131,HB,NEBRASKA,1,10,0,0,0.0,0,0,41,0,0,0,27,0.0,1,4,238,0,9,73.1,70.3,74.3,,,56.6,71.0,56.8,12,0,0,0,5,18,0,0,0,10,3,41,27,2.7,4.1,0.0,1
Avery Johnson,173108,QB,KANSAS ST,1,10,2,2,75.0,54,0,65,0,0,1,20,24.7,2,3,199,0,7,72.6,82.8,76.3,61.4,,,89.3,60.0,33,0,0,0,0,36,7,1,0,9,1,72,24,2.4,7.2,,2
Joe Jackson,173106,HB,KANSAS ST,1,10,0,1,34.0,16,0,47,0,0,0,25,0.0,2,2,199,0,5,73.5,65.8,73.9,,10.2,54.0,68.0,66.0,16,0,0,0,10,18,0,0,1,10,0,47,25,2.5,4.7,0.0,5
Terion Stewart,130386,HB,BOWL GREEN,1,10,3,0,0.0,0,0,32,0,0,3,30,90.0,1,2,122,1,7,22.9,50.4,73.0,,,56.3,51.8,60.0,14,0,0,0,6,12,0,0,0,10,0,32,30,3.0,3.2,0.0,3
Jaylen Raynor,172203,QB,ARK STATE,1,10,3,0,0.0,0,0,10,0,0,1,10,62.5,1,3,113,0,0,70.6,66.5,76.8,64.0,,,63.7,60.0,10,0,0,0,0,30,31,6,0,4,0,41,37,3.7,4.1,,1
Kaidon Salter,132046,QB,LIBERTY,1,10,2,1,46.2,36,0,51,0,0,2,41,167.3,3,5,206,0,3,71.1,74.7,77.1,59.4,,,75.5,60.0,36,0,0,0,0,56,27,3,0,7,1,78,48,4.8,7.8,,1
Kanye Udoh,171024,HB,ARMY,1,10,0,0,0.0,0,0,35,0,0,0,20,0.0,0,1,114,0,3,73.1,56.1,0.0,,86.0,59.1,60.8,49.6,6,1,0,0,1,42,0,0,0,10,0,35,20,2.0,3.5,0.0,1
Tahj Bullock,144070,QB,AKRON,1,10,1,0,0.0,0,0,38,0,0,1,8,8.0,0,4,102,1,5,24.9,54.9,72.7,27.7,,,68.6,60.0,8,0,0,0,0,15,0,0,0,10,2,38,8,0.8,3.8,,4
Donovan Edwards,144917,HB,MICHIGAN,1,10,1,2,67.7,44,0,65,0,1,1,19,27.1,2,4,222,1,5,25.5,64.5,74.3,,51.2,80.3,60.8,,24,0,17,4,13,10,0,0,5,14,1,65,19,1.9,6.5,1.31,5
Grayson James,145214,QB,BOSTON COL,1,10,1,0,0.0,0,0,3,0,0,0,1,0.0,0,3,121,0,3,70.9,69.6,77.5,69.3,,,61.5,60.2,9,0,0,0,0,45,33,5,0,5,1,36,30,3.0,3.6,,1
Jordan McDonald,158449,HB,BOSTON COL,1,10,2,0,0.0,0,0,52,0,0,2,40,80.0,2,3,121,0,9,73.1,61.0,72.5,,70.0,58.7,60.9,,11,0,0,0,2,10,0,0,0,10,0,52,40,4.0,5.2,0.0,1
Jaydn Ott,158325,HB,CAL,1,10,2,0,0.0,0,0,17,0,0,2,19,34.5,0,1,130,0,3,73.2,60.5,75.6,,62.3,60.8,60.4,58.5,6,0,5,1,18,15,0,0,1,11,0,17,19,1.9,1.7,0.28,7
Jaxson Dart,146409,QB,OLE MISS,1,10,3,1,38.0,35,0,28,0,0,0,2,0.0,3,4,226,0,1,70.9,90.4,77.7,87.0,,,75.8,60.3,35,0,0,0,0,23,64,7,0,3,0,92,27,2.7,9.2,,2
Luke Altmyer,146802,QB,ILLINOIS,1,10,1,1,38.0,30,0,52,0,0,0,5,0.0,3,5,187,1,2,38.6,65.9,77.2,63.3,,,64.3,60.0,30,1,0,0,0,31,27,4,0,6,1,79,16,1.6,7.9,,1
C.J. Ogbonna,149182,QB,BUFFALO,1,10,0,1,37.0,17,0,35,0,0,0,15,0.0,1,2,126,0,2,72.0,59.0,77.0,60.3,,,56.3,60.0,17,0,0,0,0,37,11,2,0,8,0,46,20,2.0,4.6,,5
Kylin James,150195,HB,UNLV,1,10,4,1,50.0,24,0,48,0,0,4,47,188.0,2,2,325,0,6,73.5,70.4,72.0,,12.8,56.9,71.4,60.0,24,0,0,0,5,14,0,0,1,10,1,48,47,4.7,4.8,0.0,4
Zuberi Mobley,145187,HB,FAU,1,9,1,1,37.0,17,0,46,0,0,1,24,29.6,1,3,165,0,7,72.5,57.7,72.4,,,,58.1,,17,0,0,0,0,9,0,0,0,9,0,46,24,2.67,5.1,,2
Devin Mockobee,145111,HB,PURDUE,1,9,0,0,0.0,0,0,14,2,0,0,10,0.0,0,1,273,1,2,24.6,51.6,75.7,,61.0,49.2,50.9,58.3,8,0,47,4,24,12,0,0,7,13,1,14,10,1.11,1.6,1.96,6
Keyone Jenkins,170403,QB,FIU,1,9,1,0,0.0,0,0,10,0,0,0,8,0.0,0,1,166,1,3,34.1,65.7,76.4,69.9,,,54.5,60.0,6,0,0,0,0,30,9,3,0,6,0,19,31,3.44,2.1,,1
Jekail Middlebrook,170487,HB,MIDDLE TN,1,9,6,2,44.2,34,0,77,1,0,6,69,328.6,4,3,224,0,3,73.4,72.9,76.1,,74.6,51.3,81.2,60.0,18,0,29,5,21,11,0,0,6,14,0,77,69,7.67,8.6,1.38,5
Savion Williams,123101,WR,TCU,1,9,5,2,62.5,50,0,80,0,0,5,49,226.9,3,5,305,0,7,72.8,87.2,76.8,,,64.6,91.1,60.2,30,0,16,3,20,13,0,0,3,12,2,80,49,5.44,8.9,0.8,2
TreVeyon Henderson,145059,HB,OHIO STATE,1,9,4,1,57.4,39,0,68,0,1,4,64,296.3,1,2,260,0,4,73.0,73.1,75.3,,72.2,74.8,72.5,60.0,39,0,5,3,18,11,0,0,3,12,1,68,64,7.11,7.6,0.28,5
Marlon Gunn Jr.,162642,HB,E CAROLINA,1,9,6,0,0.0,0,0,42,0,0,6,27,180.0,1,3,156,0,6,72.6,77.8,74.3,,75.8,58.4,77.0,59.6,11,0,5,1,3,11,0,0,1,10,0,42,27,3.0,4.7,1.67,3
Cameron Seldon,174740,HB,TENNESSEE,1,9,4,0,0.0,0,0,44,0,0,4,32,158.0,0,4,307,0,9,72.5,81.7,70.9,,68.6,58.9,78.2,,9,0,0,0,1,9,0,0,0,9,1,44,32,3.56,4.9,0.0,0
Nate Carter,147376,HB,MICH STATE,1,9,1,0,0.0,0,0,15,0,0,1,14,14.1,1,2,223,0,4,72.7,64.0,74.6,,38.4,86.7,60.8,55.5,12,0,32,2,8,16,0,0,2,11,1,15,14,1.56,1.7,4.0,5
Wayshawn Parker,184224,HB,WASH STATE,1,9,3,0,0.0,0,0,48,0,0,3,36,133.3,1,2,341,0,0,72.5,71.3,74.8,,74.2,54.9,74.1,51.2,11,0,-3,0,9,14,0,0,0,9,0,48,36,4.0,5.3,-0.33,9
Jordan Houston,99592,HB,MARSHALL,1,9,1,1,53.6,30,0,56,0,0,1,43,47.8,1,2,214,0,2,72.6,62.8,74.2,,72.1,57.5,63.9,57.9,30,0,3,1,13,13,0,0,2,10,1,56,43,4.78,6.2,0.23,7
Gemari Sands,169923,HB,FAU,1,9,3,1,35.4,17,0,48,0,0,3,34,125.9,2,3,165,0,8,72.5,76.1,74.0,,,60.0,73.1,60.0,17,0,0,0,1,10,0,0,1,9,0,48,34,3.78,5.3,0.0,1
Zeon Chriss,156733,QB,HOUSTON,1,9,2,0,0.0,0,0,16,0,1,0,19,45.2,1,2,182,1,2,33.0,38.9,16.2,39.3,,87.9,49.6,60.0,13,1,21,1,1,22,15,3,1,7,0,31,48,5.33,3.4,21.0,0
Sedrick Alexander,172605,HB,VANDERBILT,1,9,1,0,0.0,0,0,24,0,0,1,19,21.1,0,2,333,0,6,72.6,68.0,76.0,,76.5,58.2,70.0,57.0,5,0,5,1,14,17,0,0,1,10,0,24,19,2.11,2.7,0.36,3
Payton Thorne,101629,QB,AUBURN,1,9,1,0,0.0,0,0,5,0,0,0,4,0.0,2,2,115,0,1,71.2,67.4,77.6,67.5,,,60.1,60.0,23,0,0,0,0,36,43,4,0,5,0,48,19,2.11,5.3,,2
Kendrick Raphael,170378,HB,NC STATE,1,9,2,2,56.4,44,0,78,0,0,2,28,69.1,4,4,248,0,0,72.5,73.3,71.9,,11.7,55.6,75.9,,25,0,0,0,7,9,0,0,0,9,0,78,28,3.11,8.7,0.0,9
Kam Davis,183297,HB,FLORIDA ST,1,9,2,0,0.0,0,0,39,0,0,2,30,74.1,1,1,167,0,5,73.1,63.1,74.5,,72.9,57.7,63.2,59.1,14,0,0,0,3,12,0,0,1,9,0,39,30,3.33,4.3,0.0,4
Jalen John,131577,HB,UMASS,1,9,3,2,77.6,83,0,107,0,0,3,37,137.0,2,4,216,1,4,21.8,66.4,73.4,,71.8,57.2,66.3,59.0,68,0,0,0,4,14,0,0,0,9,1,107,37,4.11,11.9,0.0,5
Caden Veltkamp,156642,QB,W KENTUCKY,1,9,0,0,0.0,0,0,25,0,0,0,4,0.0,2,3,346,1,2,71.4,66.0,76.3,66.1,,,57.9,60.0,10,0,0,0,0,24,4,3,0,6,0,29,5,0.56,3.2,,0
Makenzie McGill II,173209,HB,N TEXAS,1,9,5,1,44.4,20,0,45,0,2,5,45,318.2,1,3,251,0,5,72.7,65.1,74.3,,24.2,62.1,69.6,60.0,20,0,20,2,18,10,0,0,2,11,1,45,45,5.0,5.0,1.11,4
Matthew Caldwell,150302,QB,TROY,1,9,0,0,0.0,0,0,43,0,0,0,15,0.0,1,3,318,0,7,72.8,78.9,77.6,73.0,62.2,87.9,70.1,60.0,13,0,29,1,1,32,0,0,1,10,0,43,15,1.67,4.8,29.0,1
Demie Sumo-Karngbaye,144006,HB,KENTUCKY,1,9,2,0,0.0,0,0,30,0,0,2,23,51.1,0,1,202,1,4,22.6,61.1,76.0,,44.7,59.1,62.8,60.0,6,0,9,1,18,11,0,0,1,10,0,30,23,2.56,3.3,0.5,5
Rahsul Faison,176482,HB,UTAH ST,1,9,1,1,44.2,23,0,52,0,0,1,30,37.0,2,2,329,0,6,72.5,67.7,73.2,,74.6,57.0,68.1,57.5,23,0,0,0,5,15,0,0,0,9,0,52,30,3.33,5.8,0.0,3
Kobe Pace,122155,HB,VIRGINIA,1,9,1,0,0.0,0,0,31,1,0,1,23,28.4,0,1,335,0,3,73.1,60.7,73.5,,70.2,30.4,66.8,60.0,6,0,0,0,9,11,0,0,1,9,0,31,23,2.56,3.4,0.0,6
Terrez Worthy,190679,HB,TEMPLE,1,9,6,0,0.0,0,0,28,2,3,6,24,218.2,1,1,306,0,3,72.7,55.6,73.8,,14.9,29.6,65.9,60.0,10,0,16,2,11,10,0,0,5,11,0,28,24,2.67,3.1,1.45,3
LJ Martin,175035,HB,BYU,1,9,1,0,0.0,0,0,42,0,0,1,38,42.2,2,2,128,0,2,73.1,64.3,75.5,,41.2,56.9,69.1,54.9,13,0,0,1,15,16,0,0,1,10,0,42,38,4.22,4.7,0.0,7
Elijah Young,124223,HB,W KENTUCKY,1,9,1,1,50.0,30,0,60,0,2,1,25,69.4,1,2,346,0,3,72.8,77.5,72.9,,74.3,71.9,75.4,60.0,30,0,26,3,8,11,0,0,3,12,0,60,25,2.78,6.7,3.25,6
Riley Leonard,143862,QB,NOTRE DAME,1,8,1,0,0.0,0,0,14,0,0,1,9,25.0,2,2,258,0,5,70.6,75.3,74.5,83.2,,,59.0,60.0,13,0,0,0,0,22,16,2,0,6,0,30,15,1.88,3.8,,0
Aidan Chiles,173727,QB,MICH STATE,1,8,3,0,0.0,0,0,29,0,0,3,18,84.4,2,4,223,0,1,72.0,81.5,76.9,73.3,,,78.7,60.0,14,0,0,0,0,36,0,0,0,8,0,29,18,2.25,3.6,,3
Myles Montgomery,144232,HB,UCF,1,8,3,1,32.6,15,0,46,0,1,3,34,188.9,1,3,323,0,3,72.0,61.9,72.0,,70.8,60.4,61.6,59.0,15,0,4,1,5,11,0,0,2,9,0,46,34,4.25,5.8,0.8,5
Skyler Locklear,164027,QB,UTEP,1,8,2,0,0.0,0,0,12,0,0,1,16,80.0,2,3,330,0,0,70.1,71.8,75.1,64.3,,85.1,66.4,60.0,14,0,27,1,1,16,25,4,1,5,0,37,52,6.5,4.6,27.0,3
Haynes King,124329,QB,GA TECH,1,8,1,1,66.7,16,0,24,0,0,1,11,17.2,1,3,176,1,7,23.1,55.4,72.2,61.4,,,55.6,60.0,16,0,0,0,0,15,0,0,0,8,1,24,11,1.38,3.0,,1
Ja'Kobi Jackson,174248,HB,FLORIDA,1,8,1,0,0.0,0,0,21,0,0,1,14,21.9,0,1,163,0,5,71.9,55.8,75.4,,,55.4,57.4,60.0,8,0,0,0,7,9,0,0,0,8,0,21,14,1.75,2.6,0.0,3
Roman Hemby,144891,HB,MARYLAND,1,8,0,0,0.0,0,0,19,0,4,0,14,53.8,0,1,215,0,7,72.4,62.4,75.9,,28.1,70.5,60.8,59.3,9,0,31,5,22,12,0,0,6,13,0,19,14,1.75,2.4,1.41,1
Abu Sama III,174686,HB,IOWA STATE,1,8,0,0,0.0,0,0,17,0,0,0,13,0.0,0,0,193,0,5,72.0,53.9,75.1,,19.5,56.6,56.3,60.0,4,0,6,1,12,9,0,0,1,9,0,17,13,1.63,2.1,0.5,3
Kyle McCord,145053,QB,SYRACUSE,1,8,0,0,0.0,0,0,-4,0,0,0,2,0.0,0,4,304,0,0,72.2,91.2,77.8,90.2,,,74.5,60.3,6,0,0,0,0,30,6,1,0,7,1,2,2,0.25,0.3,,0
Chandler Morris,122938,QB,N TEXAS,1,8,2,1,37.0,17,0,18,0,0,2,14,311.1,2,3,251,1,1,42.9,67.6,77.8,67.7,,,59.8,60.0,17,0,0,0,0,30,28,5,0,3,0,46,14,1.75,5.8,,0
Marquis Crosby,145241,HB,LA TECH,1,8,1,0,0.0,0,0,17,1,0,1,10,13.9,1,2,208,0,3,72.0,56.0,73.5,,70.8,38.1,62.1,60.0,10,0,4,1,15,10,0,0,2,9,0,17,10,1.25,2.1,0.27,5
Cam Edwards,158615,HB,UCONN,1,8,2,1,81.6,71,0,87,0,1,2,87,296.6,1,3,146,0,2,72.2,70.6,76.0,,17.7,61.3,78.4,60.0,71,0,15,3,25,9,0,0,4,11,1,87,87,10.88,10.9,0.6,6
JQ Gray,176418,HB,SO MISS,1,8,3,0,0.0,0,0,24,0,0,3,15,70.3,1,2,296,0,7,72.7,60.5,72.4,,18.1,55.0,63.3,,10,0,0,0,6,8,0,0,0,8,0,24,15,1.88,3.0,0.0,1
Michael Benefield,109080,HB,KENNESAW,1,8,3,1,71.1,27,0,38,0,0,3,18,84.4,1,2,200,0,7,71.9,60.0,76.1,,70.1,55.9,60.7,58.6,27,0,0,0,8,14,0,0,1,8,0,38,18,2.25,4.8,0.0,1
CJ Bailey,183349,QB,NC STATE,1,8,4,0,0.0,0,0,1,0,0,0,2,0.0,3,4,248,0,1,69.5,57.0,76.3,45.9,,,72.8,60.0,31,0,0,0,0,21,83,7,0,1,3,84,80,10.0,10.5,,0
Jaiden Credle,158060,HB,MIDDLE TN,1,8,2,0,0.0,0,0,30,0,0,2,24,60.0,0,3,224,0,4,72.7,69.3,75.3,,28.7,59.6,72.8,,8,0,9,2,12,9,0,0,3,10,1,30,24,3.0,3.8,0.75,4
Darrion Dupree,183656,HB,WISCONSIN,1,8,3,1,50.8,32,0,63,0,1,3,30,150.0,1,1,349,0,2,72.1,74.0,73.0,,71.9,69.1,73.7,60.0,32,0,14,2,12,9,0,0,2,10,0,63,30,3.75,7.9,1.17,6
Salahadin Allah,191210,HB,OREGON ST,1,8,1,0,0.0,0,0,29,0,0,1,17,26.6,1,2,265,0,4,72.2,68.8,72.3,,,57.9,68.2,59.4,13,0,0,0,2,10,0,0,0,8,1,29,17,2.13,3.6,0.0,4
Rocco Becht,157567,QB,IOWA STATE,1,8,0,0,0.0,0,0,6,0,0,0,3,0.0,1,3,193,0,0,71.5,62.6,77.5,56.7,,60.0,70.7,60.0,13,0,0,0,1,37,21,2,0,6,1,27,6,0.75,3.4,0.0,3
Maealiuaki Smith,183921,QB,OKLA STATE,1,8,1,0,0.0,0,0,22,0,0,1,15,23.4,1,1,262,2,3,71.5,71.4,76.8,72.9,,,57.2,60.0,13,1,0,0,0,28,0,0,0,8,1,22,15,1.88,2.8,,1
Derrick Jameson,191363,HB,UTAH ST,1,8,2,0,0.0,0,0,30,0,0,2,19,59.4,1,1,329,0,4,71.9,66.7,73.5,,71.1,57.7,66.2,59.5,11,0,0,0,2,12,0,0,0,8,0,30,19,2.38,3.8,0.0,4
Jaylon Jackson,139386,HB,IOWA STATE,1,8,0,0,0.0,0,0,17,0,0,0,8,0.0,1,1,193,0,7,72.7,65.3,71.6,,,55.4,66.2,,12,0,0,0,8,8,0,0,0,8,0,17,8,1.0,2.1,0.0,1
Re'Shaun Sanford II,173055,HB,HOUSTON,1,8,3,0,0.0,0,0,37,0,1,3,26,130.0,1,1,182,0,4,72.1,62.5,74.3,,29.5,64.6,63.8,57.5,12,0,16,2,13,13,0,0,2,10,0,37,26,3.25,4.6,1.23,4
Caleb Komolafe,176513,HB,NWESTERN,1,7,0,0,0.0,0,0,24,0,0,0,19,0.0,1,2,256,0,0,71.3,61.0,73.3,,25.8,54.9,64.0,,11,0,0,0,11,7,0,0,0,7,0,24,19,2.71,3.4,0.0,7
MJ Morris,157404,QB,MARYLAND,1,7,2,0,0.0,0,0,8,0,0,1,7,28.0,0,1,215,1,1,70.6,61.2,8.6,62.3,,,61.3,60.0,5,1,0,0,0,11,7,2,0,5,0,15,18,2.57,2.1,,2
Aaron Philo,183222,QB,GA TECH,1,7,1,0,0.0,0,0,17,0,0,0,16,0.0,2,4,176,0,4,70.5,92.0,76.0,91.5,,,71.3,60.0,18,1,0,0,0,17,40,3,0,4,1,57,20,2.86,8.1,,0
Peyton Lewis,184885,HB,TENNESSEE,1,7,2,0,0.0,0,0,46,1,0,2,29,118.4,1,3,307,0,5,71.6,63.7,71.4,,19.0,28.5,72.5,,14,0,0,0,3,7,0,0,1,7,2,46,29,4.14,6.6,0.0,2
Fernando Mendoza,158323,QB,CAL,1,7,0,0,0.0,0,0,3,0,0,0,3,0.0,1,3,130,0,0,70.9,79.3,77.0,76.6,,57.6,69.7,60.1,50,0,0,0,1,17,63,4,0,3,0,66,17,2.43,9.4,0.0,0
Cam Porter,129732,HB,NWESTERN,1,7,1,0,0.0,0,0,24,0,0,1,27,48.2,1,2,256,0,1,71.4,65.5,72.8,,54.9,62.5,65.2,60.0,11,0,5,1,5,8,0,0,1,8,0,24,27,3.86,3.4,1.0,6
Evan Bullock,170452,QB,LA TECH,1,7,0,0,0.0,0,0,-2,0,0,0,0,0.0,0,0,208,1,0,71.2,54.8,77.8,58.0,,59.1,50.5,60.4,4,2,0,0,1,26,7,3,0,4,0,5,3,0.43,0.7,0.0,0
Hollywood Smothers,173719,HB,NC STATE,1,7,1,2,86.1,68,0,79,0,0,1,29,51.8,2,2,248,0,0,71.4,62.9,75.0,,18.7,54.1,69.4,59.5,53,0,8,1,11,8,0,0,1,8,1,79,29,4.14,11.3,0.73,7
Gerald Green,97121,HB,TROY,1,7,1,0,0.0,0,0,32,0,0,1,19,30.2,0,1,318,1,1,21.2,63.5,73.6,,70.3,45.0,68.7,58.0,9,0,15,2,6,13,0,0,2,9,0,32,19,2.71,4.6,2.5,6
Jeremiyah Love,171090,HB,NOTRE DAME,1,7,1,2,68.5,89,0,130,0,1,1,20,71.4,4,4,258,0,4,71.4,79.6,71.9,,74.3,73.2,76.8,60.0,68,0,6,1,5,8,0,0,1,8,2,130,20,2.86,18.6,1.2,3
Jordan Marshall,190837,HB,MICHIGAN,1,7,1,0,0.0,0,0,17,0,0,1,17,34.7,0,2,222,0,3,71.6,65.6,70.5,,74.1,56.8,68.9,47.1,8,0,0,0,4,7,0,0,0,7,0,17,17,2.43,2.4,0.0,4
Jordan Lyle,189441,HB,MIAMI FL,1,7,5,2,68.7,79,0,115,0,0,5,93,830.4,4,4,220,0,5,71.4,85.5,0.0,,73.0,61.4,88.7,,61,1,3,1,6,7,0,0,1,8,1,115,93,13.29,16.4,0.5,2
Christian Veilleux,145086,QB,GA STATE,1,7,0,0,0.0,0,0,12,0,0,0,1,0.0,1,2,175,0,0,71.2,91.2,77.0,91.3,,,64.4,60.0,12,0,0,0,0,41,1,1,0,6,0,13,1,0.14,1.9,,1
Tucker Gleason,122475,QB,TOLEDO,1,7,0,0,0.0,0,0,12,0,0,0,7,0.0,1,1,316,2,4,28.2,51.5,74.7,49.9,,,58.6,60.0,10,0,0,0,0,18,0,0,0,7,0,12,7,1.0,1.7,,1
Parker Awad,183974,QB,NEW MEX ST,1,7,1,1,44.7,17,0,24,0,0,0,12,0.0,2,1,242,0,2,70.7,75.4,75.5,67.6,,,69.7,60.0,17,0,0,0,0,30,14,1,0,6,0,38,21,3.0,5.4,,1
Drew Allar,164157,QB,PENN STATE,1,7,2,0,0.0,0,0,10,0,0,2,12,150.0,0,3,266,0,1,70.4,66.6,76.9,61.9,,,68.2,60.9,8,0,0,0,0,27,19,3,0,4,1,29,19,2.71,4.1,,0
Braedon Sloan,150238,HB,BALL ST,1,7,2,1,63.0,17,0,27,0,0,2,22,78.6,1,2,117,0,2,71.4,64.8,74.5,,74.7,56.2,66.6,,17,0,4,1,16,7,0,0,2,8,0,27,22,3.14,3.9,0.25,5
OJ Arnold,158336,HB,GA SOUTHRN,1,7,0,0,0.0,0,0,12,0,0,0,9,0.0,0,2,174,1,5,21.2,51.4,73.2,,,69.7,47.9,59.7,9,0,13,2,11,9,0,0,2,9,0,12,9,1.29,1.7,1.18,2
Micah Ford,188865,HB,STANFORD,1,7,1,0,0.0,0,0,27,1,0,1,22,44.9,1,2,300,0,2,71.9,60.3,77.1,71.5,80.4,41.9,65.2,57.0,11,0,0,0,19,23,0,0,1,7,0,27,22,3.14,3.9,0.0,5
Kaytron Allen,164158,HB,PENN STATE,1,7,0,0,0.0,0,0,10,0,0,0,5,0.0,0,0,266,0,2,71.3,58.6,73.6,,72.2,55.6,59.5,58.0,8,0,0,0,8,13,0,0,0,7,0,10,5,0.71,1.4,0.0,5
Jalon Daniels,122555,QB,KANSAS,1,7,4,1,43.7,31,0,43,0,0,1,35,140.0,3,3,198,0,0,70.9,68.7,77.8,53.5,,,80.8,60.1,31,0,0,0,0,55,28,2,0,5,0,71,60,8.57,10.1,,0
Cam Cook,173133,HB,TCU,1,6,1,0,0.0,0,0,20,0,0,1,10,27.8,0,2,305,0,2,70.5,67.4,72.1,,75.7,58.0,67.0,58.1,7,0,0,0,3,10,0,0,0,6,1,20,10,1.67,3.3,0.0,4
Lucian Anderson III,173364,QB,BOWL GREEN,1,6,0,0,0.0,0,0,18,0,0,0,14,0.0,1,1,122,0,3,70.5,68.5,70.7,60.6,,,65.0,60.0,10,0,0,0,0,10,0,0,0,6,0,18,14,2.33,3.0,,1
Xavier Terrell,169927,HB,FAU,1,6,1,1,43.8,21,0,48,0,0,1,25,69.4,2,2,165,0,6,70.5,73.6,73.0,,71.8,57.8,72.4,,21,0,0,0,4,6,0,0,0,6,1,48,25,4.17,8.0,0.0,0
Maurice Turner,156329,HB,LOUISVILLE,1,6,0,0,0.0,0,0,22,0,0,0,11,0.0,0,1,210,0,1,70.5,66.2,71.9,,40.2,59.7,66.1,,9,0,0,0,1,6,0,0,0,6,0,22,11,1.83,3.7,0.0,5
Tate Carney,157522,HB,WAKE,1,6,1,0,0.0,0,0,18,0,0,1,15,41.7,0,0,339,0,5,70.5,56.8,69.9,,10.0,56.9,61.8,,9,0,0,0,4,6,0,0,0,6,0,18,15,2.5,3.0,0.0,1
Connor Bazelak,99135,QB,BOWL GREEN,1,6,0,0,0.0,0,0,15,0,0,0,5,0.0,1,2,122,0,0,71.3,62.8,76.6,59.2,,,66.3,60.0,11,0,0,0,0,27,0,0,0,6,0,15,5,0.83,2.5,,3
Johnnie Daniels,184755,HB,MISS STATE,1,6,3,0,0.0,0,0,21,0,0,3,17,141.7,0,1,227,0,3,70.5,64.7,72.7,,72.0,55.7,65.2,,7,0,0,0,8,6,0,0,0,6,0,21,17,2.83,3.5,0.0,3
Collin Schlee,98025,QB,VA TECH,1,6,0,0,0.0,0,0,30,0,0,0,9,0.0,0,1,337,0,2,71.0,66.5,73.1,43.1,,,78.2,60.0,8,0,0,0,0,16,0,0,0,6,0,30,9,1.5,5.0,,3
Devin Spencer,188360,HB,ARK STATE,1,6,0,0,0.0,0,0,31,0,0,0,22,0.0,0,2,113,0,1,70.7,69.7,71.8,,,61.8,69.2,60.0,7,0,1,1,6,7,0,0,1,7,0,31,22,3.67,5.2,0.17,5
Heinrich Haarberg,144993,QB,NEBRASKA,1,6,0,0,0.0,0,0,18,0,0,0,13,0.0,0,1,238,0,6,70.5,73.5,68.6,,,,68.0,,6,0,0,0,0,6,0,0,0,6,1,18,13,2.17,3.0,,0
Joey Aguilar,174978,QB,APP STATE,1,6,0,0,0.0,0,0,-5,0,0,0,1,0.0,1,2,108,0,0,70.6,76.1,76.4,71.8,,,69.3,60.0,19,0,0,0,0,35,19,1,0,5,0,14,5,0.83,2.3,,1
Evan Pryor,145057,HB,CINCINNATI,1,6,0,0,0.0,0,0,26,0,0,0,12,0.0,1,1,138,0,1,70.7,65.3,73.6,,79.9,58.7,65.1,60.0,11,0,-4,1,9,7,0,0,2,7,0,26,12,2.0,4.3,-0.44,5
Keyjuan Brown,174695,HB,LOUISVILLE,1,6,4,0,0.0,0,0,35,0,0,4,32,355.6,2,2,210,0,2,70.5,67.6,74.3,,74.7,56.9,66.9,60.0,10,0,0,0,2,8,0,0,0,6,0,35,32,5.33,5.8,0.0,4
Fluff Bothwell,190075,HB,S ALABAMA,1,6,1,2,79.8,83,0,104,0,0,1,42,116.7,3,4,288,0,6,70.5,74.8,72.8,,,56.3,76.7,58.8,59,0,0,0,8,10,0,0,0,6,1,104,42,7.0,17.3,0.0,0
Stacy Sneed,123680,HB,HOUSTON,1,6,1,0,0.0,0,0,24,0,0,1,15,35.7,0,2,182,0,3,70.9,58.5,71.3,,71.8,65.5,56.3,60.0,6,0,-3,1,6,7,0,0,1,7,0,24,15,2.5,4.0,-0.5,3
JJ Pegues,123998,DI,OLE MISS,1,6,3,0,0.0,0,0,19,0,0,3,19,158.3,0,3,226,0,5,70.5,67.1,69.8,,20.9,,65.5,,8,0,0,0,0,6,0,0,0,6,0,19,19,3.17,3.2,,1
Behren Morton,144747,QB,TEXAS TECH,1,6,0,0,0.0,0,0,17,0,0,0,3,0.0,1,2,315,0,1,71.9,90.4,78.2,90.3,,,63.5,60.2,12,0,0,0,0,35,6,1,0,5,0,23,7,1.17,3.8,,2
Mark Fletcher Jr.,175374,HB,MIAMI FL,1,6,0,1,54.5,30,0,55,0,0,0,21,0.0,1,2,220,0,4,70.5,76.1,72.1,,70.0,55.6,77.1,60.0,30,0,0,0,8,7,0,0,0,6,0,55,21,3.5,9.2,0.0,1
Justin Lamson,144052,QB,STANFORD,1,6,0,0,0.0,0,0,14,0,0,0,5,0.0,0,4,300,0,5,70.5,66.4,69.5,48.6,,57.8,69.5,,8,0,0,0,1,6,0,0,0,6,2,14,5,0.83,2.3,0.0,1
Lawrance Toafili,122421,HB,FLORIDA ST,1,6,0,0,0.0,0,1,33,0,0,0,16,0.0,0,2,167,0,4,70.5,59.3,0.0,,79.1,53.7,67.7,44.0,9,1,0,0,9,10,0,0,0,6,0,33,16,2.67,5.5,0.0,2
Aidan Armenta,175731,QB,LA MONROE,1,6,3,1,52.5,32,0,41,0,0,1,36,400.0,2,4,209,0,2,69.8,90.1,76.6,79.8,,,82.4,60.0,32,0,0,0,0,32,20,3,0,3,0,61,50,8.33,10.2,,0
Gabarri Johnson,175905,QB,OREGON ST,1,6,5,2,68.1,32,0,36,0,0,3,26,312.0,3,3,265,0,2,69.7,75.3,0.0,54.6,,,76.0,60.0,17,1,0,0,0,9,11,1,0,5,1,47,33,5.5,7.8,,2
Hahsaun Wilson,145580,HB,CHARLOTTE,1,6,0,0,0.0,0,0,18,0,0,0,13,0.0,0,0,136,0,4,70.5,53.7,72.9,,24.7,55.7,57.4,60.0,6,0,0,0,6,10,0,0,0,6,0,18,13,2.17,3.0,0.0,2
Trent Battle,144683,HB,TCU,1,6,2,1,53.6,15,0,28,0,1,2,20,125.0,1,3,305,0,2,70.9,65.3,73.5,,78.0,65.9,63.7,59.1,15,0,13,2,9,10,0,0,2,8,2,28,20,3.33,4.7,1.44,4
Deston Hawkins,176024,HB,NEVADA,1,6,2,1,68.8,22,0,32,0,1,2,21,80.8,1,1,239,0,3,71.6,64.1,76.6,,58.3,73.1,60.9,57.4,22,0,33,7,26,12,0,0,8,13,0,32,21,3.5,5.3,1.27,3
Jaden Nixon,144652,HB,W MICHIGAN,1,6,0,0,0.0,0,0,9,0,1,0,14,33.3,0,0,347,0,0,71.4,55.5,71.6,,68.3,71.8,52.9,,4,0,3,1,6,6,0,0,2,7,0,9,14,2.33,1.5,0.5,6
Terry Wilkins,121829,HB,MIDDLE TN,1,6,1,2,85.1,40,0,47,0,2,1,38,271.4,2,2,224,0,2,70.7,70.6,73.9,,0.0,59.0,75.4,60.0,23,0,6,1,8,7,0,0,1,7,0,47,38,6.33,7.8,0.75,4
Bradley Dunn,124231,HB,S CAROLINA,1,6,1,0,0.0,0,0,38,0,1,1,21,100.0,1,2,289,1,0,18.9,56.9,70.5,,,78.7,54.4,60.0,10,0,13,1,2,8,0,0,1,7,1,38,21,3.5,6.3,6.5,6
Jimmy Holiday,124281,WR,LA TECH,1,6,0,0,0.0,0,0,6,0,1,0,5,11.1,0,0,208,0,4,70.5,56.3,81.8,,,57.7,53.0,72.8,4,0,48,4,46,23,1,1,5,9,0,7,5,0.83,1.2,1.04,0
Willie Shaw III,145916,HB,TOLEDO,1,6,1,0,0.0,0,0,30,0,0,1,19,52.8,1,2,316,0,5,70.5,67.3,71.9,,74.1,57.2,64.4,66.9,12,0,0,0,4,9,0,0,0,6,0,30,19,3.17,5.0,0.0,1
Taylen Green,145996,QB,ARKANSAS,1,6,2,1,22.1,17,0,15,0,0,0,11,0.0,3,3,111,0,1,70.5,75.2,77.4,64.6,,,84.3,60.0,41,0,0,0,0,35,62,3,0,3,2,77,24,4.0,12.8,,0
Christopher Frew,173863,HB,AIR FORCE,1,6,2,0,0.0,0,0,23,0,0,2,19,105.6,0,1,101,0,3,70.5,68.1,76.1,,,58.4,63.1,73.9,9,0,0,0,2,52,0,0,0,6,0,23,19,3.17,3.8,0.0,2
Bryce Archie,156667,QB,USF,1,6,0,0,0.0,0,0,22,0,0,0,2,0.0,1,2,327,0,2,70.2,69.1,76.7,65.7,,,66.3,60.0,11,0,0,0,0,27,23,3,0,3,1,45,7,1.17,7.5,,1
Max Brosmer,105568,QB,MINNESOTA,1,6,0,0,0.0,0,0,-8,0,0,0,1,0.0,0,1,225,1,1,28.5,58.8,76.5,64.7,,,48.2,60.2,8,0,0,0,0,32,14,3,0,3,0,6,7,1.17,1.0,,0
Davion Gause,183328,HB,N CAROLINA,1,6,0,0,0.0,0,0,27,0,0,0,12,0.0,1,3,245,0,0,70.9,75.0,73.1,,19.8,64.9,76.7,,10,0,11,2,10,6,0,0,2,8,2,27,12,2.0,4.5,1.1,6
Aidan Laughery,158212,HB,ILLINOIS,1,6,0,0,0.0,0,0,26,0,0,0,16,0.0,0,1,187,0,0,70.7,63.8,72.4,,71.8,61.4,63.2,60.0,8,0,5,1,4,7,0,0,1,7,1,26,16,2.67,4.3,1.25,6
Chandler Fields,97286,QB,LA LAFAYET,1,6,1,1,82.9,34,0,35,0,0,1,24,266.7,1,1,207,0,0,69.8,91.1,20.0,92.7,,,58.8,60.0,34,1,0,0,0,27,6,3,0,3,0,41,27,4.5,6.8,,1
Gavin Williams,129488,HB,N ILLINOIS,1,6,1,1,44.4,20,0,45,1,1,1,31,103.3,1,1,254,0,2,71.3,56.8,75.3,,76.5,42.8,61.4,59.5,20,0,17,4,22,9,0,0,6,10,0,45,31,5.17,7.5,0.77,4
Ca'Lil Valentine,183515,HB,ILLINOIS,1,6,1,0,0.0,0,0,24,0,0,1,14,38.9,0,2,187,0,2,70.5,62.4,70.6,,,57.5,62.6,60.0,9,0,0,0,3,7,0,0,0,6,0,24,14,2.33,4.0,0.0,4
Jake Retzlaff,70874,QB,BYU,1,5,1,0,0.0,0,0,10,0,0,0,6,0.0,1,1,128,0,1,70.4,69.2,77.0,68.6,,,61.3,60.0,10,0,0,0,0,20,14,3,0,2,0,24,18,3.6,4.8,,0
Deion Hankins,97310,HB,TEXAS ST,1,5,1,1,73.2,30,0,41,0,0,1,17,68.0,1,3,314,0,4,69.7,74.6,69.1,,73.2,58.7,72.3,,30,0,0,0,2,5,0,0,0,5,0,41,17,3.4,8.2,0.0,1
Cole Snyder,97617,QB,E MICHIGAN,1,5,1,0,0.0,0,0,24,0,0,0,3,0.0,1,2,160,0,0,70.7,69.6,76.4,70.2,,,59.2,60.0,11,1,0,0,0,20,2,1,0,4,0,26,17,3.4,5.2,,3
Lee Witherspoon,99166,HB,UAB,1,5,2,1,51.7,15,0,29,0,0,2,21,120.0,1,1,321,0,0,70.1,66.0,73.5,,56.0,66.4,65.6,60.0,15,0,4,2,5,6,0,0,2,7,0,29,21,4.2,5.8,0.8,5
Jordan McCloud,101058,QB,TEXAS ST,1,5,1,0,0.0,0,0,1,0,0,0,1,0.0,1,2,314,3,1,40.1,73.9,77.8,75.1,,,56.6,60.0,12,0,0,0,0,31,23,3,0,2,0,24,22,4.4,4.8,,0
Hank Bachmeier,101284,QB,WAKE,1,5,2,0,0.0,0,0,0,0,0,0,,100.0,1,1,339,0,0,67.6,27.4,75.6,26.7,,54.3,51.4,60.0,10,0,0,0,1,22,26,5,0,0,0,26,30,6.0,5.2,0.0,0
Tate Rodemaker,122414,QB,SO MISS,1,5,0,0,0.0,0,0,0,0,0,0,0,0.0,0,2,296,0,0,69.3,52.4,22.9,50.5,,54.3,61.8,60.0,7,1,0,0,1,27,16,4,0,1,0,16,3,0.6,3.2,0.0,0
Ben Gulbranson,131734,QB,OREGON ST,1,5,0,0,0.0,0,0,11,0,0,0,9,0.0,0,5,265,0,0,71.0,88.0,77.0,79.8,,,82.9,60.0,4,0,0,0,0,33,0,0,0,5,1,11,9,1.8,2.2,,0
Ethan Garbers,131896,QB,UCLA,1,5,1,0,0.0,0,0,0,0,0,0,0,0.0,0,1,324,0,0,69.2,72.4,16.1,78.8,,,53.6,60.0,8,1,0,0,0,20,24,4,0,1,0,24,15,3.0,4.8,,0
Nicholas Vattiato,145302,QB,MIDDLE TN,1,5,0,0,0.0,0,0,2,0,0,0,1,0.0,0,1,224,0,0,70.5,62.6,77.4,63.6,,,55.5,60.0,8,0,0,0,0,27,14,3,0,2,0,16,4,0.8,3.2,,0
Vaughn Pemberton,145628,HB,BALL ST,1,5,2,0,0.0,0,0,29,0,1,2,25,187.5,2,1,117,1,1,19.6,60.0,74.5,,79.0,82.7,50.7,,12,0,70,3,13,5,0,0,3,8,0,29,25,5.0,5.8,5.38,4
Jaison Patterson,145654,HB,BOWL GREEN,1,5,2,0,0.0,0,0,15,0,0,2,15,85.7,0,0,122,0,1,70.1,61.2,75.6,,80.0,62.5,57.0,66.4,7,0,15,2,20,14,0,0,2,7,0,15,15,3.0,3.0,0.75,4
George Hart III,146269,HB,W KENTUCKY,1,5,0,0,0.0,0,0,1,0,0,0,2,0.0,0,1,346,0,3,69.7,57.6,74.8,,79.6,53.0,57.8,59.1,2,0,0,0,12,9,0,0,1,5,1,1,2,0.4,0.2,0.0,2
Keelan Marion,147370,WR,BYU,1,5,4,0,0.0,0,0,30,0,0,4,29,257.8,1,4,128,0,1,71.5,73.4,76.9,,,67.4,73.3,59.9,10,0,36,4,23,15,0,0,6,9,2,30,29,5.8,6.0,1.57,1
Keith Adams Jr.,156236,HB,CLEMSON,1,5,2,1,66.7,18,0,27,1,0,2,15,120.0,1,1,140,0,1,69.7,62.1,73.2,,76.2,37.8,66.7,72.3,18,0,0,0,2,8,0,0,1,5,0,27,15,3.0,5.4,0.0,4
Jaziun Patterson,156421,HB,IOWA,1,5,0,0,0.0,0,0,8,0,0,0,6,0.0,0,0,192,0,3,69.7,53.7,71.2,,,59.8,54.9,60.0,3,0,0,0,1,6,0,0,0,5,0,8,6,1.2,1.6,0.0,2
Diego Pavia,156927,QB,VANDERBILT,1,5,2,1,80.0,36,0,43,0,0,0,7,0.0,1,2,333,0,4,70.0,72.3,75.0,70.3,,,64.8,60.0,36,0,0,0,0,16,2,1,0,4,1,45,15,3.0,9.0,,0
Owen McCown,157688,QB,UTSA,1,5,0,0,0.0,0,0,-1,0,0,0,0,0.0,1,3,331,0,0,69.3,85.6,77.1,80.6,,,74.5,60.3,75,0,0,0,0,33,92,4,0,1,1,91,7,1.4,18.2,,0
Jayden Maiava,158135,QB,USC,1,5,1,0,0.0,0,0,-4,0,0,0,2,0.0,0,1,326,1,0,70.6,75.6,76.6,74.4,,55.9,65.4,60.0,8,0,0,0,1,26,8,1,0,4,0,4,19,3.8,0.8,0.0,1
JC French IV,162521,QB,GA SOUTHRN,1,5,1,0,0.0,0,0,16,0,0,0,20,0.0,1,1,174,0,1,70.5,91.5,77.5,91.4,,,65.0,60.0,14,1,0,0,0,34,11,2,0,3,0,27,37,7.4,5.4,,0
Torrance Burgess Jr.,163031,HB,TEXAS ST,1,5,1,1,56.3,18,0,32,0,1,1,8,45.7,1,2,314,1,3,21.0,56.0,72.4,,50.4,64.3,53.9,60.0,18,0,10,2,8,7,0,0,2,7,1,32,8,1.6,6.4,1.25,1
Mel Brown,169178,HB,UCONN,1,5,2,1,85.4,35,0,41,0,0,2,13,104.0,1,1,146,0,1,69.7,67.7,71.5,,,56.3,67.8,,35,0,0,0,5,5,0,0,0,5,0,41,13,2.6,8.2,0.0,4
Jay Haynes,170010,HB,CLEMSON,1,5,1,2,79.7,94,0,118,0,0,1,32,128.0,3,4,140,0,3,70.1,88.5,72.6,,73.6,56.2,90.5,58.2,70,0,0,0,8,8,0,0,0,5,2,118,32,6.4,23.6,0.0,2
Jaylen Poe,171324,HB,N ILLINOIS,1,5,0,0,0.0,0,0,15,0,0,0,9,0.0,0,1,254,0,2,69.9,65.8,69.7,,,61.0,64.4,,6,0,-3,1,1,5,0,0,1,6,0,15,9,1.8,3.0,-3.0,3
TJ Horton,173999,HB,BALL ST,1,5,4,0,0.0,0,0,19,1,0,4,10,133.3,1,1,117,0,0,69.9,56.4,73.1,,,38.8,64.2,60.0,12,0,2,1,9,6,0,0,2,6,0,19,10,2.0,3.8,0.22,5
Jeremiah Coney,174777,HB,VA TECH,1,5,1,0,0.0,0,0,22,0,0,1,20,80.0,1,1,337,0,0,69.7,60.0,73.5,,14.7,54.9,63.9,59.8,11,0,0,0,9,7,0,0,0,5,0,22,20,4.0,4.4,0.0,5
D.J. McKinney,175620,HB,SM HOUSTON,1,5,0,0,0.0,0,0,21,0,0,0,14,0.0,0,1,281,0,1,69.7,63.5,72.0,,29.3,56.2,66.9,58.7,6,0,0,0,5,9,0,0,0,5,0,21,14,2.8,4.2,0.0,4
Joshua Dye,175636,HB,UTEP,1,5,1,0,0.0,0,0,16,0,0,1,15,60.0,0,0,330,0,2,69.7,58.5,73.7,,76.3,53.7,59.6,59.1,9,0,0,0,11,8,0,0,0,5,0,16,15,3.0,3.2,0.0,3
Jamal Roberts,175912,HB,MISSOURI,1,5,1,0,0.0,0,0,29,0,0,1,20,80.0,1,2,229,0,3,69.7,78.4,73.9,,68.3,56.7,78.6,60.0,14,0,0,0,4,9,0,0,0,5,0,29,20,4.0,5.8,0.0,2
Jambres Dubar,176209,HB,BOISE ST,1,5,1,0,0.0,0,0,22,0,0,1,16,64.0,1,2,120,0,5,70.5,71.9,74.3,,75.6,56.6,71.1,60.0,10,0,0,0,5,7,0,0,0,5,1,22,16,3.2,4.4,0.0,0
Kyson Brown,176525,HB,ARIZONA ST,1,5,0,0,0.0,0,0,10,0,0,0,11,0.0,0,1,110,0,2,69.7,58.8,72.5,,69.8,55.1,60.2,60.0,6,0,0,0,7,9,0,0,0,5,0,10,11,2.2,2.0,0.0,2
Jaivian Thomas,176564,HB,CAL,1,5,2,0,0.0,0,0,15,0,0,2,9,72.0,0,1,130,0,4,69.7,62.5,76.2,,78.5,51.0,66.6,,7,0,0,0,18,5,0,0,0,5,0,15,9,1.8,3.0,0.0,1
Luke Kromenhoek,183305,QB,FLORIDA ST,1,5,4,1,42.0,21,0,36,0,0,2,18,225.0,2,2,167,0,3,70.0,90.6,75.7,85.3,,,77.3,60.0,21,0,0,0,0,26,14,1,0,4,0,50,38,7.6,10.0,,1
JP Pickles,183996,QB,UTEP,1,5,0,0,0.0,0,0,10,0,0,0,13,0.0,1,2,330,0,3,69.2,52.8,74.5,49.6,,54.3,62.2,60.0,12,0,0,0,1,12,13,2,0,3,0,23,16,3.2,4.6,0.0,0
AJ Hairston,184157,QB,UMASS,1,5,2,0,0.0,0,0,4,0,0,0,3,0.0,1,3,216,2,0,26.6,43.1,75.2,34.5,,,65.3,60.0,10,0,0,0,0,21,21,3,0,2,0,25,28,5.6,5.0,,1
Danny O'Neil,184200,QB,S DIEGO ST,1,5,1,1,58.6,34,0,58,0,0,1,12,48.0,3,3,284,1,1,71.0,79.9,77.0,71.8,,,78.3,60.0,34,0,0,0,0,30,0,0,0,5,0,58,12,2.4,11.6,,4
Chauncey Bowens,184550,HB,GEORGIA,1,5,0,0,0.0,0,0,31,0,0,0,23,0.0,1,2,173,0,4,69.7,70.8,70.7,,73.5,58.0,69.4,,11,0,0,0,2,5,0,0,0,5,0,31,23,4.6,6.2,0.0,1
Jadyn Glasser,184670,QB,C MICHIGAN,1,5,0,0,0.0,0,0,-8,0,0,0,0,0.0,0,0,134,0,1,69.8,56.3,76.5,55.7,,,57.1,60.0,6,0,0,0,0,41,6,1,0,4,0,-2,0,0.0,-0.4,,0
Lloyd Avant,190713,HB,TULSA,1,5,0,0,0.0,0,0,21,0,0,0,10,0.0,1,2,320,0,3,71.2,58.6,0.0,,51.9,57.6,64.0,60.0,10,1,0,0,3,6,0,0,0,5,1,21,10,2.0,4.2,0.0,2
Solomon Beebe,190756,HB,UAB,1,5,2,0,0.0,0,0,-2,0,0,2,4,32.0,0,0,321,0,2,70.1,63.5,70.7,,74.1,60.0,62.4,60.0,6,0,0,0,1,6,0,0,0,5,0,-2,4,0.8,-0.4,0.0,3
Shedeur Sanders,131396,QB,COLORADO,1,4,1,0,0.0,0,1,5,0,0,0,4,0.0,1,3,143,0,0,69.7,80.5,75.4,77.6,,,68.5,60.0,17,1,0,0,0,10,25,2,0,2,0,30,19,4.75,7.5,,1
Tyrell Robinson,121607,HB,ARMY,1,4,0,0,0.0,0,0,4,0,0,0,4,0.0,0,1,114,0,0,68.7,48.1,73.1,50.8,,58.2,55.0,58.0,5,0,0,0,2,13,0,0,1,4,0,4,4,1.0,1.0,0.0,0
Tommy Ulatowski,163150,QB,KENT STATE,1,4,1,0,0.0,0,0,6,0,0,1,5,125.0,0,0,201,1,0,28.6,62.1,75.9,61.9,,,59.1,60.0,5,1,0,0,0,21,2,2,0,2,0,8,5,1.25,2.0,,1
Jaylin Lane,121811,WR,VA TECH,1,4,0,0,0.0,0,0,24,0,0,0,7,0.0,2,1,337,0,2,75.3,60.5,77.9,,,57.1,67.5,58.9,14,0,10,3,35,35,0,0,4,7,0,24,7,1.75,6.0,0.29,1
Quinten Joyner,174151,HB,USC,1,4,1,1,87.5,21,0,24,0,2,1,27,337.5,1,2,326,1,3,17.0,61.6,71.7,,,30.0,70.6,60.0,21,0,20,2,5,7,0,0,2,6,0,24,27,6.75,6.0,4.0,1
Treshaun Ward,99619,HB,BOSTON COL,1,4,1,0,0.0,0,0,15,0,0,1,4,16.7,0,1,121,0,3,69.2,62.2,74.1,,,69.3,57.7,59.5,6,0,17,2,16,6,0,0,2,6,0,15,4,1.0,3.8,1.06,1
Tyriq Starks,156514,QB,FAU,1,4,1,0,0.0,0,0,-2,0,0,0,0,0.0,0,1,165,1,0,27.6,67.3,77.2,65.2,,,62.7,60.0,9,0,0,0,0,47,18,3,0,1,0,16,6,1.5,4.0,,1
Reggie Love III,129418,HB,PURDUE,1,4,0,0,0.0,0,0,2,0,0,0,5,0.0,0,0,273,0,2,69.2,56.6,74.1,,51.5,60.8,55.5,,1,0,8,2,11,4,0,0,3,6,0,2,5,1.25,0.5,0.73,2
Joshua Wood,163421,QB,FRESNO ST,1,4,0,0,0.0,0,0,9,0,0,0,7,0.0,0,2,169,0,3,68.6,71.3,67.4,,,,66.5,,5,0,0,0,0,4,0,0,0,4,1,9,7,1.75,2.3,,0
Chris Davis Jr.,188861,HB,STANFORD,1,4,0,0,0.0,0,0,16,0,0,0,5,0.0,0,0,300,0,3,68.6,63.2,72.5,,,56.9,64.6,57.7,7,0,0,0,5,11,0,0,0,4,0,16,5,1.25,4.0,0.0,1
Ken Seals,124359,QB,TCU,1,4,1,0,,0,0,0,0,0,1,8,50.0,0,0,305,1,1,17.5,35.8,71.4,60.2,,,40.7,60.0,2,0,0,0,0,11,0,0,0,4,0,0,8,2.0,0.0,,1
Jhari Patterson,151053,WR,E CAROLINA,1,4,2,1,51.4,19,0,37,0,0,2,9,90.0,1,1,156,0,3,67.8,62.8,0.0,,,61.2,69.2,60.3,19,1,27,1,25,38,0,0,2,5,0,37,9,2.25,9.3,1.08,0
Brett Gabbert,97404,QB,MIAMI OH,1,4,1,0,0.0,0,0,-2,0,0,0,0,0.0,0,1,221,0,0,69.3,60.1,75.9,58.5,62.2,,61.4,60.0,7,0,0,0,0,22,11,2,0,2,0,9,10,2.5,2.3,,0
Ethan Vasko,163817,QB,COAST CAR,1,4,1,1,77.3,17,0,22,0,0,1,7,77.8,1,1,141,0,1,70.1,52.3,75.7,49.7,,,61.8,60.0,17,0,0,0,0,22,0,1,0,3,0,22,8,2.0,5.5,,0
Savion Red,163857,HB,NEVADA,1,4,0,0,0.0,0,0,7,0,0,0,12,0.0,0,0,239,0,0,68.6,52.3,72.0,,40.2,57.0,53.8,60.0,4,0,0,0,5,6,0,0,0,4,0,7,12,3.0,1.8,0.0,4
Quinn Ewers,127253,QB,TEXAS,1,4,0,0,0.0,0,0,-12,0,0,0,0,0.0,0,1,311,3,0,18.0,59.7,77.5,58.1,,,60.6,60.0,5,0,0,0,0,43,8,2,0,2,0,-4,5,1.25,-1.0,,0
Ethan Payne,145269,HB,MARSHALL,1,4,0,0,0.0,0,0,12,0,0,0,9,0.0,0,2,214,0,1,68.9,70.8,71.5,,84.8,61.6,69.5,,6,0,7,1,5,4,0,0,1,5,1,12,9,2.25,3.0,1.4,3
Rahkeem Smith,161339,WR,BOWL GREEN,1,4,2,0,0.0,0,0,8,0,0,2,6,37.5,0,1,122,0,2,70.5,74.1,75.4,,,73.9,62.7,60.8,7,0,81,4,17,15,0,0,5,8,1,8,6,1.5,2.0,4.76,0
Billy Edwards Jr.,144185,QB,MARYLAND,1,4,1,0,0.0,0,0,15,0,0,1,7,77.8,1,2,215,0,1,68.4,82.5,72.2,74.1,,,72.1,60.0,13,0,0,0,0,9,13,1,0,3,0,28,10,2.5,7.0,,2
Keegan Jones,100594,HB,UCLA,1,4,1,0,0.0,0,0,6,0,0,1,6,37.5,0,0,324,0,0,69.2,50.2,71.4,,8.9,57.4,54.8,,3,0,0,0,4,4,0,0,0,4,0,6,6,1.5,1.5,0.0,4
Justin Pegues,161679,HB,BOWL GREEN,1,4,4,0,0.0,0,0,8,0,0,4,11,220.0,0,0,122,0,2,72.8,57.9,71.4,,,64.6,58.9,54.5,4,0,6,1,2,11,0,0,1,5,0,8,11,2.75,2.0,3.0,2
Cade Klubnik,156253,QB,CLEMSON,1,4,1,0,0.0,0,0,11,0,0,0,1,0.0,1,3,140,1,1,25.1,70.3,73.7,78.6,62.2,,49.5,60.0,15,0,0,0,0,10,23,2,0,2,0,34,21,5.25,8.5,,0
Will Howard,122599,QB,OHIO STATE,1,4,1,0,0.0,0,0,4,0,0,0,3,0.0,0,2,260,0,1,69.7,85.7,76.1,85.3,,,64.0,60.0,5,1,0,0,0,27,5,1,0,3,1,9,11,2.75,2.3,,0
Tim Carpenter,190715,QB,TULSA,1,4,0,0,0.0,0,0,13,0,0,0,4,0.0,0,0,320,0,1,67.7,69.3,70.1,68.7,,,62.5,60.0,8,0,0,0,0,7,1,1,0,3,0,14,5,1.25,3.5,,2
Walker Eget,146170,QB,S JOSE ST,1,4,0,0,0.0,0,0,6,0,0,0,4,0.0,0,1,285,0,1,69.4,62.0,75.6,56.1,,,69.3,60.0,8,0,0,0,0,25,8,1,0,3,0,14,8,2.0,3.5,,0
Antwan Raymond,190489,HB,RUTGERS,1,4,0,0,0.0,0,0,7,0,0,0,9,0.0,0,0,278,0,0,68.6,56.8,69.7,,,58.0,57.5,,3,0,0,0,3,4,0,0,0,4,0,7,9,2.25,1.8,0.0,4
Israel Carter,175310,QB,USF,1,4,1,0,0.0,0,0,10,0,0,1,11,275.0,1,1,327,1,1,20.7,47.2,73.9,64.0,,,40.5,60.0,10,0,0,0,0,19,9,2,0,2,0,19,14,3.5,4.8,,1
Johnathan Arceneaux,146053,HB,FRESNO ST,1,4,0,0,0.0,0,0,9,0,1,0,11,55.0,0,1,169,0,0,68.9,60.2,71.1,,75.9,78.5,56.9,57.6,3,0,8,1,2,9,0,0,1,5,0,9,11,2.75,2.3,4.0,4
Isaac Wilson,183872,QB,UTAH,1,4,0,0,0.0,0,0,-3,0,0,0,0,0.0,0,0,328,1,1,21.3,61.9,73.1,85.8,,,37.8,60.0,4,0,0,0,0,14,8,2,0,2,0,5,2,0.5,1.3,,0
Dre Washington,147143,HB,LA LAFAYET,1,4,0,0,0.0,0,0,6,0,0,0,5,0.0,0,0,207,0,0,68.6,55.3,71.3,,74.0,57.2,55.5,60.0,2,0,0,0,5,5,0,0,0,4,0,6,5,1.25,1.5,0.0,4
Robby Ashford,131702,QB,S CAROLINA,1,4,2,1,43.2,16,0,37,0,0,2,17,212.5,1,2,289,0,2,68.8,78.7,70.1,67.0,,,72.0,60.0,16,0,0,0,0,6,0,0,0,4,1,37,17,4.25,9.3,,1
Dallan Hayden,162865,HB,COLORADO,1,4,2,0,0.0,0,0,5,0,0,2,5,50.0,0,0,143,0,0,68.9,57.3,71.8,,72.2,66.5,54.1,,3,0,15,1,11,4,0,0,1,5,0,5,5,1.25,1.3,1.36,4
Ben Finley,122864,QB,AKRON,1,4,0,1,68.2,15,0,22,0,0,0,2,0.0,1,1,102,0,0,70.4,55.0,76.8,55.5,,,55.4,60.0,15,0,0,0,0,31,0,0,0,4,0,22,2,0.5,5.5,,2
Terry Bussey,191251,WR,TEXAS A&M,1,4,1,0,0.0,0,0,17,0,0,1,11,39.3,0,2,312,0,4,73.3,71.4,74.1,,,67.2,70.7,59.2,9,0,29,3,16,6,0,0,4,7,1,17,11,2.75,4.3,1.81,0
Katin Houser,158386,QB,E CAROLINA,1,4,1,0,0.0,0,0,10,0,0,1,8,88.9,0,1,156,0,2,69.8,72.2,30.4,75.1,,,58.0,60.0,8,1,0,0,0,54,4,1,0,3,0,14,14,3.5,3.5,,0
Vaughn Blue,174921,HB,LIBERTY,1,4,0,1,47.4,18,0,38,1,0,0,10,0.0,2,2,206,0,2,68.9,57.2,76.3,,67.5,42.0,68.0,52.9,18,0,7,1,2,33,0,0,2,5,0,38,10,2.5,9.5,3.5,2
Nolan Ray,170203,HB,MARYLAND,1,4,3,1,52.1,25,0,48,0,0,3,36,675.0,2,2,215,0,4,68.6,68.8,73.0,,71.8,55.1,71.6,59.8,25,0,0,0,8,8,0,0,0,4,0,48,36,9.0,12.0,0.0,0
Cooper Legas,101286,QB,TULSA,1,4,1,0,0.0,0,0,12,0,0,1,13,144.4,0,1,320,1,0,70.1,41.8,75.9,37.6,,,62.1,60.0,9,0,0,0,0,25,6,1,0,3,0,18,13,3.25,4.5,,2
Brendan Sorsby,156398,QB,CINCINNATI,1,4,0,1,68.2,15,0,20,0,0,0,5,0.0,1,1,138,0,1,70.7,68.8,76.8,67.7,,,62.2,60.0,15,0,0,0,0,22,2,1,0,3,0,22,5,1.25,5.5,,1
Samuel Singleton Jr.,170356,HB,FLORIDA ST,1,4,3,1,95.2,20,0,21,0,0,3,19,285.0,1,1,167,0,3,68.9,64.5,70.8,,11.7,60.6,67.7,60.0,20,0,-3,1,3,5,0,0,1,5,0,21,19,4.75,5.3,-1.0,1
Mikey Keene,70961,QB,FRESNO ST,1,4,0,0,0.0,0,0,1,0,0,0,1,0.0,0,0,169,1,0,33.3,53.7,76.5,62.3,,60.0,36.7,60.0,2,1,0,0,1,23,1,1,0,3,0,2,1,0.25,0.5,0.0,1
Khalifa Keith,174730,HB,TENNESSEE,1,4,2,1,59.0,23,0,39,0,0,2,36,450.0,1,2,307,0,0,68.6,82.9,68.9,,67.5,58.8,79.5,,23,0,0,0,2,4,0,0,0,4,0,39,36,9.0,9.8,0.0,4
Amani Givens,189819,HB,LA TECH,1,4,0,0,0.0,0,0,7,0,0,0,3,0.0,0,0,208,0,2,68.9,55.1,72.2,,,59.5,55.6,59.2,3,0,3,1,6,8,0,0,2,5,0,7,3,0.75,1.8,0.5,2
Nico Iamaleava,174728,QB,TENNESSEE,1,4,1,1,67.4,29,0,25,0,0,1,21,525.0,2,1,307,1,1,29.5,68.8,75.8,70.3,,,56.4,60.0,29,0,0,0,0,21,18,2,0,2,0,43,23,5.75,10.8,,0
Ethan Hampton,145858,QB,N ILLINOIS,1,4,0,0,0.0,0,0,2,0,0,0,1,0.0,0,3,254,1,0,29.9,48.6,77.0,41.2,,59.6,70.3,60.4,5,0,0,0,1,30,6,2,0,2,0,8,3,0.75,2.0,0.0,0
Samari Howard,170984,HB,ARMY,1,4,0,0,0.0,0,0,25,0,0,0,10,0.0,0,1,114,0,1,68.9,70.2,73.8,,65.5,61.3,70.6,61.5,9,0,4,1,4,20,0,0,1,5,0,25,10,2.5,6.3,1.0,0
Carson Beck,124010,QB,GEORGIA,1,4,0,0,0.0,0,0,1,0,0,0,0,0.0,1,2,173,1,0,69.1,76.5,76.5,76.7,,,60.7,60.0,10,0,0,0,0,26,14,3,0,1,0,15,3,0.75,3.8,,0
Dylan Downing,128352,HB,MIAMI OH,1,4,1,0,0.0,0,0,4,0,0,1,6,37.5,0,1,221,0,1,68.6,62.7,70.5,,91.8,59.7,62.1,,3,0,0,0,1,4,0,0,0,4,1,4,6,1.5,1.0,0.0,3
Dylan Rizk,174360,QB,UCF,1,4,0,0,0.0,0,0,11,0,0,0,4,0.0,1,1,323,1,1,27.6,57.6,75.7,66.6,,,41.7,60.0,11,1,0,0,0,27,5,1,0,3,0,16,4,1.0,4.0,,2
Jahzae Kimbrough,171260,WR,KENT STATE,1,4,2,0,0.0,0,0,14,0,0,2,9,75.0,0,0,201,0,1,69.2,58.6,73.3,,42.3,61.6,59.4,60.0,6,0,3,2,6,6,0,0,2,6,0,14,9,2.25,3.5,0.5,3
Chad Alexander,175356,HB,GA TECH,1,3,1,0,0.0,0,0,9,0,0,1,9,75.0,0,0,176,0,3,67.8,59.4,72.5,,73.7,58.7,62.2,44.5,4,0,2,1,8,7,0,0,1,4,0,9,9,3.0,3.0,0.25,0
Datrell Jones,175341,HB,BOSTON COL,1,3,1,0,0.0,0,0,8,0,0,1,10,111.1,0,0,121,0,2,67.3,61.9,67.6,,,,61.4,,6,0,0,0,0,3,0,0,0,3,0,8,10,3.33,2.7,,1
Joey Mattord,175055,HB,E MICHIGAN,1,3,0,0,0.0,0,0,18,0,1,0,16,106.7,0,0,160,0,1,69.3,83.4,71.6,,,86.8,66.7,60.0,8,0,23,2,4,4,0,0,2,5,0,18,16,5.33,6.0,5.75,2
Deion Brown,175046,HB,E MICHIGAN,1,3,2,0,0.0,0,0,12,0,0,2,9,150.0,0,0,160,0,0,68.5,62.7,71.8,,0.0,74.8,59.4,,9,0,10,1,7,3,0,0,1,4,0,12,9,3.0,4.0,1.43,3
Christopher Vizzina,170032,QB,CLEMSON,1,3,1,1,87.5,35,0,40,0,0,1,30,333.3,1,2,140,0,1,68.8,60.6,73.5,50.1,,,72.5,60.0,35,0,0,0,0,13,0,0,0,3,0,40,30,10.0,13.3,,0
Peyton Jones,170051,HB,DUKE,1,3,0,0,0.0,0,0,1,0,0,0,3,0.0,0,0,154,0,0,69.3,52.7,71.9,,17.8,65.8,54.4,,1,0,-2,2,6,3,0,0,2,5,0,1,3,1.0,0.3,-0.33,3
Evan Cantu,157763,HB,KANSAS ST,1,3,0,0,0.0,0,0,13,0,0,0,10,0.0,0,1,199,0,2,67.3,71.0,65.5,,,,68.3,,5,0,0,0,0,3,0,0,0,3,0,13,10,3.33,4.3,,1
Hudson Card,123109,QB,PURDUE,1,3,0,0,0.0,0,0,4,0,0,0,6,0.0,0,0,273,0,1,70.9,74.4,23.7,76.5,,,56.4,60.0,3,1,0,0,0,16,0,0,0,3,0,4,6,2.0,1.3,,0
Garrett Nussmeier,146757,QB,LSU,1,3,0,0,0.0,0,0,-3,0,0,0,0,0.0,0,0,211,0,0,70.2,88.8,77.0,88.2,,,60.8,60.0,-1,0,0,0,0,31,0,0,0,3,0,-3,0,0.0,-1.0,,0
Julian Gray,143994,WR,LIBERTY,1,3,0,0,0.0,0,0,14,0,0,0,4,0.0,0,2,206,0,1,70.2,66.5,74.3,,,74.8,64.0,54.5,6,0,47,2,5,14,0,0,3,5,0,14,4,1.33,4.7,9.4,2
Jabari Bates,157835,HB,S JOSE ST,1,3,0,0,0.0,0,0,-10,0,0,0,1,0.0,0,0,285,0,1,68.1,56.8,69.2,,72.2,57.1,57.5,,1,0,0,0,3,3,0,0,0,3,0,-10,1,0.33,-3.3,0.0,1
Jordan Waters,97754,HB,NC STATE,1,3,0,0,0.0,0,0,10,0,2,0,10,111.1,0,0,248,0,0,68.5,67.2,74.1,,76.2,79.2,59.7,,6,0,45,3,10,3,0,0,3,6,0,10,10,3.33,3.3,4.5,2
Kejon Owens,123640,HB,FIU,1,3,2,1,66.7,20,0,30,0,0,2,17,283.3,1,2,166,0,2,67.8,73.1,71.7,,73.0,59.3,72.4,,20,0,0,1,5,3,0,0,1,4,0,30,17,5.67,10.0,0.0,1
Dominique Johnson,123959,HB,TCU,1,3,1,0,0.0,0,0,10,0,0,1,12,133.3,0,1,305,0,2,68.1,58.8,71.2,,,,63.5,45.5,7,0,0,0,0,8,0,0,0,3,0,10,12,4.0,3.3,,1
Maddux Madsen,163379,QB,BOISE ST,1,3,1,0,0.0,0,0,0,0,0,0,,100.0,0,1,120,0,0,68.4,63.6,76.5,64.2,,,57.1,60.2,6,0,0,0,0,28,11,3,0,0,0,11,15,5.0,3.7,,0
Kaden Anderson,127312,QB,WYOMING,1,3,0,1,109.1,24,0,22,0,0,0,0,0.0,1,1,351,0,2,68.7,61.7,74.5,61.8,,,58.6,60.0,24,0,0,0,0,22,0,0,0,3,0,22,0,0.0,7.3,,0
Durell Robinson,172220,HB,UCONN,1,3,1,0,0.0,0,0,3,0,0,1,5,41.7,0,1,146,0,1,67.8,59.2,74.1,,77.4,58.8,63.3,41.5,2,0,10,1,9,5,0,0,1,4,0,3,5,1.67,1.0,1.11,2
Devin Roche,172294,HB,DOMINION,1,3,3,0,0.0,0,0,17,0,3,3,10,500.0,0,2,263,0,0,69.0,67.9,72.9,,75.1,60.8,67.2,58.0,8,1,1,1,2,9,0,0,1,4,0,17,10,3.33,5.7,0.5,3
Gio Lopez,172309,QB,S ALABAMA,1,3,0,0,0.0,0,0,19,0,0,0,16,0.0,1,2,288,0,3,69.5,66.2,75.7,63.8,,,64.0,60.0,14,0,0,0,0,24,0,0,0,3,0,19,16,5.33,6.3,,0
Justice Haynes,172379,HB,ALABAMA,1,3,0,0,0.0,0,0,18,0,0,0,8,0.0,0,1,103,0,2,67.3,72.3,71.0,,,57.1,72.3,,7,0,0,0,5,3,0,0,0,3,0,18,8,2.67,6.0,0.0,1
Ahmad Haston,173396,QB,UMASS,1,3,0,1,76.0,38,0,50,0,0,0,17,0.0,1,2,216,0,1,67.5,90.4,71.4,60.6,,,79.6,60.0,38,0,0,0,0,12,0,0,0,3,0,50,17,5.67,16.7,,2
Caziah Holmes,129782,HB,FLORIDA ST,1,3,2,2,92.1,35,0,38,0,0,2,30,666.7,2,3,167,0,2,67.3,89.8,70.8,,74.6,57.7,85.6,71.7,18,0,0,0,3,5,0,0,0,3,2,38,30,10.0,12.7,0.0,1
Kedrick Reescano,172525,HB,ARIZONA,1,3,0,0,0.0,0,0,11,0,0,0,8,0.0,0,0,109,0,0,68.6,56.4,72.4,,80.8,54.8,55.6,,5,0,0,0,8,4,0,0,0,3,0,11,8,2.67,3.7,0.0,3
Trayvon Rudolph,130577,WR,N ILLINOIS,1,3,0,0,0.0,0,0,24,0,0,0,6,0.0,1,2,254,0,1,68.2,58.2,78.2,73.1,,50.5,69.6,60.6,11,0,0,0,32,17,0,0,1,3,0,24,6,2.0,8.0,0.0,2
AJ Newberry,172623,HB,VANDERBILT,1,3,2,0,0.0,0,0,22,0,0,2,11,244.4,1,3,333,0,3,67.3,68.2,75.1,,63.9,54.9,73.4,57.0,10,0,0,0,9,9,0,0,0,3,0,22,11,3.67,7.3,0.0,0
Evan Simon,129906,QB,TEMPLE,1,3,0,0,0.0,0,0,-1,0,0,0,2,0.0,0,0,306,0,1,34.4,48.5,77.2,46.5,,,60.6,60.0,7,0,0,0,0,29,10,2,0,1,0,9,6,2.0,3.0,,0
Braedyn Locke,157141,QB,WISCONSIN,1,3,0,0,0.0,0,0,-3,0,0,0,1,0.0,0,0,349,0,0,69.5,79.4,76.2,81.0,,,56.2,60.0,0,0,0,0,0,24,0,1,0,2,0,-3,10,3.33,-1.0,,1
Rodney Fields Jr.,188722,HB,OKLA STATE,1,3,0,1,65.5,19,0,29,0,0,0,25,0.0,1,2,262,0,2,67.3,67.2,69.8,,,57.8,66.8,,19,0,0,0,2,3,0,0,0,3,1,29,25,8.33,9.7,0.0,1
Jackson Stratton,157206,QB,IOWA,1,3,0,0,0.0,0,0,-3,0,0,0,0,0.0,0,1,192,1,0,68.2,69.5,77.1,65.9,,60.0,64.6,60.0,2,1,0,0,1,55,0,0,0,3,0,-3,0,0.0,-1.0,0.0,1
Brandon Campbell,146414,HB,UMASS,1,3,0,0,0.0,0,0,7,0,0,0,9,0.0,0,0,216,0,1,67.3,64.8,70.2,,72.7,57.2,64.6,60.0,3,0,0,0,3,4,0,0,1,3,0,7,9,3.0,2.3,0.0,2
Kurtis Rourke,97998,QB,INDIANA,1,3,0,0,0.0,0,0,11,0,0,0,1,0.0,0,2,190,1,1,69.6,65.1,76.7,60.9,,,68.2,60.1,8,1,0,0,0,35,0,0,0,3,0,11,1,0.33,3.7,,1
Nate Johnson,158489,QB,VANDERBILT,1,3,1,0,0.0,0,0,20,0,0,1,19,211.1,1,1,333,0,3,67.3,67.5,68.6,,,,64.2,60.0,10,0,0,0,0,5,0,0,0,3,0,20,19,6.33,6.7,,0
John Alan Richter,156999,QB,TOLEDO,1,3,1,0,0.0,0,0,-11,0,0,0,0,0.0,0,0,316,1,0,20.8,47.8,71.4,51.6,,,53.6,60.0,4,0,0,0,0,2,6,2,0,1,0,-5,11,3.67,-1.7,,0
DJ Lagway,184426,QB,FLORIDA,1,3,1,0,0.0,0,0,-1,0,0,0,0,0.0,0,0,163,0,0,68.2,65.7,22.8,70.9,,,53.1,60.2,6,2,0,0,0,42,12,2,0,1,0,11,13,4.33,3.7,,0
Domonique Thomas,156226,HB,OLE MISS,1,3,1,0,0.0,0,0,20,0,0,1,10,111.1,1,2,226,0,2,67.3,61.1,73.3,,35.7,54.9,67.7,54.2,10,0,0,0,13,7,0,0,0,3,0,20,10,3.33,6.7,0.0,1
Noah Fifita,158722,QB,ARIZONA,1,3,0,0,0.0,0,0,-1,0,0,0,0,0.0,0,1,109,0,0,70.1,70.1,76.9,69.4,,,60.9,60.0,6,0,0,0,0,18,6,2,0,1,0,5,0,0.0,1.7,,0
Elijah Gilliam,73621,HB,FRESNO ST,1,3,0,0,0.0,0,0,8,0,0,0,3,0.0,0,0,169,0,0,68.5,62.7,74.0,,42.5,64.1,62.4,60.0,5,0,4,3,10,5,0,0,3,6,0,8,3,1.0,2.7,0.4,3
Aneyas Williams,184108,HB,NOTRE DAME,1,3,1,1,93.5,58,0,62,0,0,1,54,600.0,1,1,258,0,1,68.1,67.7,69.4,,74.9,,66.1,59.1,58,0,0,0,0,6,0,0,0,3,1,62,54,18.0,20.7,,2
Wade Penn,191155,HB,GEORGIA,1,3,0,0,0.0,0,0,15,0,0,0,4,0.0,0,1,173,0,2,67.3,58.0,65.5,,,,58.5,,6,0,0,0,0,3,0,0,0,3,0,15,4,1.33,5.0,,1
Christian Francisco,145397,HB,RICE,1,3,0,0,0.0,0,0,22,0,1,0,13,86.7,1,1,275,0,0,68.2,67.9,71.7,,73.9,64.8,67.4,,13,0,3,2,7,3,0,0,2,5,0,22,13,4.33,7.3,0.43,3
Omiri Wiggins,183950,HB,LA TECH,1,3,0,0,0.0,0,0,7,0,1,0,5,20.8,0,0,208,0,0,70.3,58.5,77.5,,0.0,61.0,67.6,58.3,7,0,26,5,25,10,0,0,6,8,0,7,5,1.67,2.3,1.04,3
Oscar Adaway III,100835,HB,S CAROLINA,1,3,0,0,0.0,0,0,11,0,1,0,7,46.7,0,1,289,0,0,68.2,64.6,73.7,,73.0,77.5,60.4,58.0,5,0,37,2,10,10,0,0,2,5,0,11,7,2.33,3.7,3.7,3
Micah Welch,183887,HB,COLORADO,1,3,0,0,0.0,0,0,6,0,3,0,5,125.0,0,0,143,0,0,67.8,62.2,72.4,,72.9,65.4,60.2,60.0,5,0,15,1,8,4,0,0,1,4,0,6,5,1.67,2.0,1.88,3
Jacurri Brown,156344,QB,UCF,1,3,0,0,0.0,0,0,3,0,0,0,8,0.0,0,1,323,0,2,67.3,63.6,68.1,,,,61.9,60.0,4,0,0,0,0,5,0,0,0,3,0,3,8,2.67,1.0,,0
Jack Lausch,162845,QB,NWESTERN,1,3,0,0,0.0,0,0,-3,0,0,0,2,0.0,0,0,256,1,1,28.3,27.8,74.7,27.5,,,59.7,60.0,1,0,0,0,0,12,0,0,0,3,0,-3,2,0.67,-1.0,,0
Jeremy Payne,183837,HB,TCU,1,3,0,1,111.1,30,0,27,0,0,0,2,0.0,1,1,305,0,1,67.3,66.5,73.3,,72.9,54.9,69.3,,30,0,0,0,10,3,0,0,0,3,1,27,2,0.67,9.0,0.0,2
Quinton Jackson,163001,HB,RICE,1,3,1,1,100.0,18,0,18,0,0,1,19,105.6,1,1,275,0,0,71.0,67.5,71.3,,,61.9,69.2,,18,0,12,3,10,3,0,0,4,6,0,18,19,6.33,6.0,1.2,3
Luke Bottari,73931,QB,UTAH,1,3,0,2,100.0,56,0,56,0,0,0,3,0.0,2,2,328,0,0,68.5,62.0,72.9,57.6,,,64.9,60.0,40,1,0,0,0,10,0,0,0,3,0,56,3,1.0,18.7,,2
Kobe Johnson,109089,HB,COLO STATE,1,3,0,0,0.0,0,1,9,0,0,0,4,0.0,0,0,144,0,0,74.9,58.8,71.2,,1.8,56.6,63.0,,6,1,0,0,6,4,0,0,0,3,0,9,4,1.33,3.0,0.0,3
David Eziomume,183196,HB,CLEMSON,1,3,0,1,55.6,15,0,27,0,0,0,8,0.0,2,1,140,0,1,69.2,69.8,71.3,,73.4,56.2,69.7,60.0,15,0,0,0,4,5,0,0,0,3,0,27,8,2.67,9.0,0.0,2
Lincoln Pare,121537,HB,TEXAS ST,1,3,1,1,71.4,15,0,21,0,0,1,13,108.3,1,2,314,0,2,68.2,75.4,72.0,,32.0,85.9,70.3,,15,0,11,1,6,3,0,0,1,4,1,21,13,4.33,7.0,1.83,1
Trent Howland,144833,HB,OKLA STATE,1,3,1,0,0.0,0,0,15,0,0,1,8,88.9,1,1,262,0,2,67.3,66.6,70.4,,71.7,57.5,65.9,,10,0,0,0,3,3,0,0,0,3,0,15,8,2.67,5.0,0.0,1
Evan Svoboda,157664,QB,WYOMING,1,3,0,0,0.0,0,0,7,0,0,0,14,0.0,0,0,351,0,2,68.8,50.3,73.9,51.5,,,55.5,60.1,4,0,0,0,0,15,0,0,0,3,0,7,14,4.67,2.3,,0
Josh Holst,171312,QB,N ILLINOIS,1,3,0,0,0.0,0,0,-4,0,0,0,0,0.0,0,0,254,0,0,66.7,60.1,71.0,69.3,,,50.9,60.0,9,0,0,0,0,2,14,2,0,1,0,10,2,0.67,3.3,,1
Hinckley Ropati,122076,HB,BYU,1,3,0,0,0.0,0,0,3,0,0,0,3,0.0,0,0,128,0,2,67.8,59.0,74.4,,79.5,60.0,56.0,58.7,5,0,26,1,16,7,0,0,1,4,0,3,3,1.0,1.0,1.63,1
Jacqez Barksdale,176082,HB,BUFFALO,1,3,0,0,0.0,0,0,9,0,0,0,8,0.0,0,1,126,0,2,67.3,52.4,70.5,,,57.4,56.6,52.2,3,0,0,0,3,6,0,0,0,3,0,9,8,2.67,3.0,0.0,1
Trexler Ivey,122184,QB,CHARLOTTE,1,3,0,0,0.0,0,0,-6,0,0,0,0,0.0,0,0,136,0,0,67.3,62.0,66.6,,,,60.8,,-2,0,0,0,0,3,0,0,0,3,0,-6,0,0.0,-2.0,,0
Don Chaney Jr.,122207,HB,LOUISVILLE,1,3,0,0,0.0,0,0,1,0,0,0,4,0.0,0,0,210,0,0,67.3,55.1,70.4,,,59.1,56.1,60.0,2,0,0,0,2,4,0,0,0,3,0,1,4,1.33,0.3,0.0,3
Kenny Odom,164032,WR,UTEP,1,3,1,0,,0,1,0,1,3,1,8,97.0,0,1,330,0,0,69.0,62.2,0.0,,,63.0,62.0,61.5,4,1,70,8,44,26,0,0,13,11,0,0,8,2.67,0.0,1.59,0
Maquel Haywood,144314,HB,APP STATE,1,3,0,0,0.0,0,0,19,0,0,0,10,0.0,1,0,108,0,0,68.1,66.5,71.5,,72.7,56.8,66.8,60.0,10,0,0,0,6,4,0,0,0,3,0,19,10,3.33,6.3,0.0,3
Ty Clark III,190943,HB,WAKE,1,3,0,0,0.0,0,0,9,0,0,0,4,0.0,0,0,339,0,1,67.3,64.5,66.1,,,,63.4,,6,0,0,0,0,3,0,0,0,3,0,9,4,1.33,3.0,,2
Anderson Castle,122234,HB,APP STATE,1,3,3,0,0.0,0,0,18,0,0,3,17,566.7,1,1,108,0,0,67.3,68.8,71.2,,0.0,57.0,72.9,,14,0,0,0,4,3,0,0,0,3,0,18,17,5.67,6.0,0.0,3
Javance Tupou'ata-Johnson,175766,QB,S DIEGO ST,1,3,0,0,0.0,0,0,14,0,0,0,3,0.0,1,1,284,0,2,67.1,66.6,70.4,67.9,,,60.1,60.0,12,0,0,0,0,4,3,1,0,2,0,17,4,1.33,5.7,,0
Phil Mafah,144123,HB,CLEMSON,1,3,0,0,0.0,0,0,14,0,0,0,4,0.0,0,1,140,0,0,67.3,64.1,70.9,,84.3,56.3,64.0,,7,0,0,0,6,3,0,0,0,3,0,14,4,1.33,4.7,0.0,3
Kemper Hodges,186426,FB,AIR FORCE,1,2,0,0,0.0,0,0,11,0,0,0,2,0.0,0,0,101,0,1,65.5,72.5,71.3,,72.6,,69.0,58.3,6,0,0,0,0,6,0,0,0,2,0,11,2,1.0,5.5,,0
Bryson Donnell,157328,HB,UTSA,1,2,1,0,0.0,0,0,11,0,2,1,10,300.0,1,0,331,0,0,67.4,64.2,70.3,,12.8,78.3,63.0,,12,0,7,3,8,2,0,0,3,5,0,11,10,5.0,5.5,0.88,1
Tyler King,157338,WR,WYOMING,1,2,0,0,0.0,0,0,-2,0,0,0,3,0.0,0,0,351,0,1,70.4,52.6,75.0,,,55.0,55.7,60.1,3,0,0,0,11,14,0,0,1,2,0,-2,3,1.5,-1.0,0.0,0
Ashtyn Hawkins,147222,WR,BAYLOR,1,2,2,0,0.0,0,0,3,0,0,2,13,216.7,0,0,118,0,0,65.0,81.9,78.5,,,81.4,,68.7,2,0,62,4,23,34,0,0,4,6,0,3,13,6.5,1.5,2.7,0
Gavin Sawchuk,158088,HB,OKLAHOMA,1,2,0,0,0.0,0,0,8,0,0,0,5,0.0,0,0,261,0,2,65.5,61.7,73.7,,83.0,57.0,63.0,55.4,8,0,0,0,5,10,0,0,0,2,0,8,5,2.5,4.0,0.0,0
Jalen Kitna,146688,QB,UAB,1,2,0,0,0.0,0,0,-6,0,0,0,0,0.0,0,0,321,1,0,27.6,68.4,76.4,71.1,,,53.0,60.3,4,2,0,0,0,26,4,1,0,1,0,-2,0,0.0,-1.0,,1
Kevin Jennings,158272,QB,SMU,1,2,0,0,0.0,0,0,1,0,0,0,4,0.0,0,1,287,1,2,30.4,83.0,77.1,82.2,,,62.3,60.0,1,0,0,0,0,35,0,0,0,2,1,1,4,2.0,0.5,,0
Zahir Abdus-Salaam,145933,HB,W MICHIGAN,1,2,1,0,0.0,0,0,2,0,2,1,7,210.0,0,0,347,0,0,67.4,64.9,71.7,,5.5,79.4,65.5,60.0,4,0,35,3,11,3,0,0,3,5,0,2,7,3.5,1.0,3.18,2
Jamal Johnson,145646,HB,BOWL GREEN,1,2,0,0,0.0,0,0,15,0,0,0,8,0.0,0,2,122,0,2,66.9,65.8,78.1,,70.2,60.5,69.1,58.0,9,0,5,1,16,12,0,0,1,3,0,15,8,4.0,7.5,0.31,0
Richard Reese,158568,HB,BAYLOR,1,2,1,0,0.0,0,0,8,0,0,1,9,225.0,0,0,118,0,2,65.5,75.7,66.1,,,60.0,71.8,,8,0,0,0,1,2,0,0,0,2,0,8,9,4.5,4.0,0.0,0
Ja'Quez Cross,145108,HB,ARK STATE,1,2,0,0,0.0,0,0,5,1,0,0,3,0.0,0,1,113,0,1,66.3,50.5,71.1,,9.1,37.3,62.7,60.0,4,0,5,1,8,4,0,0,2,3,0,5,3,1.5,2.5,0.63,1
Joseph Himon II,162843,HB,NWESTERN,1,2,0,0,0.0,0,0,-2,0,0,0,2,0.0,0,0,256,0,1,69.4,56.1,71.2,,,55.2,58.1,60.0,1,0,0,0,9,3,0,0,1,2,0,-2,2,1.0,-1.0,0.0,1
Lexington Joseph,97104,HB,FIU,1,2,0,0,0.0,0,0,9,0,0,0,6,0.0,0,0,166,0,2,66.3,63.1,74.4,,65.3,58.4,63.6,58.4,7,0,1,1,5,10,0,0,2,3,0,9,6,3.0,4.5,0.2,0
Noah Short,163220,HB,ARMY,1,2,1,0,0.0,0,0,-2,0,0,1,9,112.5,0,0,114,0,0,66.9,63.2,75.7,,,67.9,60.8,50.3,-1,0,11,2,5,24,0,0,3,4,0,-2,9,4.5,-1.0,2.2,0
Christian Washington,163362,HB,COAST CAR,1,2,0,0,0.0,0,0,6,0,0,0,4,0.0,0,0,141,0,0,67.6,60.2,73.3,,72.2,54.0,63.3,57.5,5,0,0,0,11,7,0,0,0,2,0,6,4,2.0,3.0,0.0,2
Barion Brown,163779,WR,KENTUCKY,1,2,1,0,0.0,0,1,5,0,0,1,4,66.7,0,0,202,0,1,18.6,58.9,0.0,,,63.9,55.9,62.2,3,1,43,1,19,14,0,0,5,3,0,5,4,2.0,2.5,2.26,0
Eric Singleton Jr.,170078,WR,GA TECH,1,2,0,0,0.0,0,0,-5,1,0,0,2,0.0,0,0,176,0,1,68.1,56.3,78.9,,,57.2,56.4,59.5,-2,0,106,5,35,24,0,0,9,7,0,-5,2,1.0,-2.5,3.03,0
Nate Yarnell,144037,QB,PITTSBURGH,1,2,0,0,0.0,0,0,0,0,0,0,,100.0,1,1,268,0,0,68.2,65.3,75.1,64.0,,,62.0,60.0,11,0,0,0,0,14,12,2,0,0,0,12,2,1.0,6.0,,0
Brock Glenn,170335,QB,FLORIDA ST,1,2,1,0,0.0,0,0,10,0,0,1,13,325.0,0,0,167,0,1,66.4,89.1,69.1,74.4,,,72.4,60.0,6,0,0,0,0,4,0,0,0,2,0,10,13,6.5,5.0,,1
Shomari Lawrence,141839,HB,FIU,1,2,0,0,0.0,0,0,5,0,0,0,5,0.0,0,0,166,0,1,65.5,64.3,68.8,,67.8,60.0,63.2,,5,0,0,0,1,2,0,0,0,2,0,5,5,2.5,2.5,0.0,1
Cam Ward,133244,QB,MIAMI FL,1,2,0,0,0.0,0,0,1,0,0,0,0,0.0,0,1,220,0,0,69.7,77.8,77.2,76.7,,,62.3,60.0,1,0,0,0,0,30,1,1,0,1,1,2,2,1.0,1.0,,0
Kevin Davis,130517,HB,MIAMI OH,1,2,0,0,0.0,0,0,6,0,0,0,3,0.0,0,0,221,0,0,73.9,57.2,72.3,,16.1,61.3,61.0,,5,0,25,3,12,2,0,0,3,5,0,6,3,1.5,3.0,2.08,1
Tyler Warren,129798,TE,PENN STATE,1,2,0,0,,0,0,0,0,1,0,3,15.0,0,0,266,0,2,69.0,81.6,78.8,,74.1,87.0,54.7,64.9,0,0,102,8,30,25,0,0,11,10,0,0,3,1.5,0.0,3.4,0
Rodney Gallagher III,173178,WR,W VIRGINIA,1,2,0,0,0.0,0,0,6,0,1,0,1,12.5,0,0,343,0,2,67.4,63.6,76.5,,62.1,64.5,58.6,58.4,5,0,13,2,17,26,0,0,2,4,0,6,1,0.5,3.0,0.76,0
Noah Kim,129623,QB,COAST CAR,1,2,0,0,0.0,0,0,-9,0,0,0,-2,0.0,0,0,141,1,0,17.4,33.3,69.8,52.8,,,35.4,,6,0,0,0,0,1,6,1,0,1,0,-3,-1,-0.5,-1.5,,1
Avery Morrow,128240,HB,COLO STATE,1,2,0,0,0.0,0,0,4,0,0,0,3,0.0,0,0,144,0,0,65.5,45.5,68.6,,,59.9,53.6,53.2,4,0,0,0,1,4,0,0,0,2,0,4,3,1.5,2.0,0.0,2
Spencer Petras,82136,QB,UTAH ST,1,2,1,0,0.0,0,0,2,0,0,0,2,0.0,0,0,329,0,1,66.8,57.0,72.7,61.7,,,52.9,60.0,3,0,0,0,0,10,3,1,0,1,0,5,11,5.5,2.5,,0
Kadin Semonza,174001,QB,BALL ST,1,2,0,0,0.0,0,0,0,0,0,0,,100.0,0,0,117,1,0,35.5,50.3,76.8,49.4,,54.3,61.8,60.0,8,0,0,0,1,18,9,2,0,0,0,9,8,4.0,4.5,0.0,0
Benjamin Hall,174038,HB,MICHIGAN,1,2,1,0,,0,0,0,0,0,1,3,50.0,0,0,222,0,0,66.3,60.7,69.4,,76.7,65.1,58.6,,0,0,0,1,2,2,0,0,1,3,0,0,3,1.5,0.0,0.0,2
Jacob De Jesus,174068,WR,UNLV,1,2,0,0,0.0,0,0,9,0,0,0,7,0.0,0,0,325,0,0,73.1,55.2,76.7,,,53.6,60.9,56.4,5,0,-2,1,18,29,0,0,1,3,0,9,7,3.5,4.5,-0.11,1
Josh Hoover,127148,QB,TCU,1,2,1,0,0.0,0,0,6,0,0,0,1,0.0,0,2,305,0,0,68.8,75.9,9.2,75.8,,,68.3,59.9,6,1,0,0,0,22,3,1,0,1,0,9,4,2.0,4.5,,1
Harrison Bailey,124266,QB,LOUISVILLE,1,2,0,0,0.0,0,0,-2,0,0,0,0,0.0,0,0,210,0,0,65.5,61.8,69.1,,,,60.1,60.0,-1,0,0,0,0,6,0,0,0,2,0,-2,0,0.0,-1.0,,0
Johnny Richardson,123760,HB,UCF,1,2,0,0,0.0,0,0,5,0,0,0,4,0.0,0,0,323,0,0,65.5,50.3,68.0,,,,53.5,60.0,3,0,0,0,0,4,0,0,0,2,0,5,4,2.0,2.5,,1
Jalen Hampton,123351,HB,W KENTUCKY,1,2,0,0,0.0,0,0,20,0,0,0,11,0.0,1,1,346,0,1,65.5,68.7,69.7,,,58.7,66.9,60.0,11,0,0,0,2,3,0,0,0,2,0,20,11,5.5,10.0,0.0,1
Yasias Young,123298,HB,USF,1,2,0,0,0.0,0,0,6,0,0,0,3,0.0,0,0,327,0,1,65.5,55.6,68.1,,,58.2,56.8,,4,0,0,0,2,2,0,0,0,2,0,6,3,1.5,3.0,0.0,1
Ayden Greene,174784,WR,VA TECH,1,2,1,1,105.0,21,0,20,2,0,1,34,850.0,1,1,337,0,0,62.5,43.3,75.2,,,40.6,63.2,59.3,21,0,0,0,13,9,0,0,3,2,1,20,34,17.0,10.0,0.0,0
DJ Butler,190803,HB,HOUSTON,1,2,0,0,0.0,0,0,4,0,0,0,9,0.0,0,0,182,0,1,66.3,58.3,70.6,,,59.0,58.6,,3,0,-1,1,6,2,0,0,2,3,0,4,9,4.5,2.0,-0.17,1
Jordan Napier,175759,WR,S DIEGO ST,1,2,0,0,,0,0,0,0,2,0,2,33.3,0,0,284,0,1,67.8,54.0,74.8,,,55.5,55.7,60.2,2,0,2,4,22,14,0,0,4,6,0,0,2,1.0,0.0,0.09,0
Harrison Barker,121479,QB,UAB,1,2,0,0,0.0,0,0,24,0,0,0,6,0.0,2,2,321,0,1,65.9,63.6,68.6,48.8,,,68.3,60.0,13,0,0,0,0,5,0,0,0,2,0,24,6,3.0,12.0,,1
Jawarn Howell,179059,HB,S CAROLINA,1,2,4,1,77.1,27,0,35,0,0,4,31,3.1e3,1,1,289,0,0,65.5,77.3,66.9,,,57.7,75.3,,27,0,0,0,3,2,0,0,0,2,1,35,31,15.5,17.5,0.0,2
Alvon Isaac,183442,HB,USF,1,2,0,0,0.0,0,0,11,0,0,0,4,0.0,0,0,327,0,1,65.5,65.9,66.8,,,,64.4,60.0,9,0,0,0,0,3,0,0,0,2,0,11,4,2.0,5.5,,1
Dylan Raiola,183581,QB,NEBRASKA,1,2,0,0,0.0,0,0,-5,0,0,0,0,0.0,0,0,238,0,0,69.9,86.6,77.5,86.3,,,60.1,60.6,-2,0,0,0,0,34,0,0,0,2,0,-5,0,0.0,-2.5,,0
Dwight Phillips Jr.,191156,HB,GEORGIA,1,2,1,0,0.0,0,0,15,0,0,1,9,150.0,1,1,173,0,1,66.3,64.8,68.4,,,70.8,60.7,,12,0,15,1,2,2,0,0,1,3,0,15,9,4.5,7.5,7.5,0
Davis Beville,99588,QB,S CAROLINA,1,2,0,0,0.0,0,0,17,0,0,0,3,0.0,1,2,289,0,0,66.2,72.1,70.1,57.9,,,69.1,60.0,10,0,0,0,0,8,0,0,0,2,0,17,3,1.5,8.5,,1
Sevaughn Clark,99159,HB,TOLEDO,1,2,1,0,0.0,0,0,2,0,0,1,4,100.0,0,0,316,0,0,65.5,58.1,68.6,,70.8,59.1,58.6,,2,0,0,0,2,2,0,0,0,2,0,2,4,2.0,1.0,0.0,2
J'Koby Williams,191359,HB,TEXAS TECH,1,2,0,0,0.0,0,0,4,1,0,0,2,0.0,0,0,315,0,1,66.7,45.8,69.5,,76.7,32.3,56.3,,3,0,0,0,5,2,0,0,1,2,0,4,2,1.0,2.0,0.0,1
Chandler Rogers,98683,QB,CAL,1,2,0,0,0.0,0,0,8,0,0,0,0,0.0,0,1,130,0,1,65.5,70.7,68.9,,,60.0,66.5,60.0,7,0,0,0,1,4,0,0,0,2,0,8,0,0.0,4.0,0.0,1
Michael Van Buren Jr.,184764,QB,MISS STATE,1,2,0,0,0.0,0,0,5,0,0,0,1,0.0,0,0,227,1,0,28.6,62.8,75.8,62.0,,,60.1,60.0,5,0,0,0,0,21,2,1,0,1,0,7,3,1.5,3.5,,0
Brayden Fowler-Nicolosi,157207,QB,COLO STATE,1,2,0,0,0.0,0,0,9,0,0,0,4,0.0,0,1,144,0,0,70.4,54.0,77.8,53.2,,55.9,60.6,60.1,9,0,0,0,1,28,4,1,0,1,1,13,4,2.0,6.5,0.0,1
Taylor Tatum,188782,HB,OKLAHOMA,1,2,0,0,0.0,0,0,2,0,0,0,1,0.0,0,0,261,1,1,9.8,28.5,70.6,,72.7,60.0,35.6,53.5,2,0,0,0,1,6,0,0,0,2,0,2,1,0.5,1.0,0.0,1
Trey Sanders,97433,HB,TCU,1,2,0,0,,0,0,0,0,0,0,4,0.0,0,0,305,0,1,65.5,58.1,68.0,,,60.0,58.7,,1,0,0,0,1,2,0,0,0,2,0,0,4,2.0,0.0,0.0,1
Jacquez Stuart,97125,HB,TOLEDO,1,2,0,0,0.0,0,0,-4,0,0,0,0,0.0,0,0,316,0,0,67.7,62.3,74.2,,78.0,74.6,58.3,41.3,0,0,14,2,10,4,0,0,2,4,0,-4,0,0.0,-2.0,1.4,1
Xavier Brown,156371,HB,VIRGINIA,1,2,0,0,0.0,0,0,4,0,0,0,3,0.0,0,0,335,0,1,65.5,58.4,69.7,,70.2,58.8,58.6,60.0,4,0,0,0,2,3,0,0,1,2,0,4,3,1.5,2.0,0.0,1
E.J. Warner,156185,QB,RICE,1,2,0,0,0.0,0,0,0,0,0,0,,100.0,1,1,275,1,0,38.6,47.5,77.3,43.5,,,71.0,60.0,11,0,0,0,0,22,18,2,0,0,0,18,2,1.0,9.0,,0
James Jointer Jr.,157021,HB,LIBERTY,1,2,0,0,0.0,0,0,4,0,0,0,2,0.0,0,0,206,0,0,65.5,58.5,66.9,,71.0,,58.6,,2,0,0,0,0,2,0,0,0,2,0,4,2,1.0,2.0,,2
Damari Alston,157037,HB,AUBURN,1,2,0,0,,0,0,0,0,0,0,2,0.0,0,0,115,0,0,66.3,63.5,71.2,,77.9,62.1,56.0,73.4,2,0,4,1,3,2,0,0,1,3,0,0,2,1.0,0.0,1.33,2
PJ Johnson III,147450,WR,NEW MEX ST,1,1,0,0,0.0,0,0,5,0,0,0,2,0.0,0,0,242,0,0,62.5,51.8,77.2,,,52.8,57.5,60.3,5,0,0,0,15,20,0,0,0,1,0,5,2,2.0,5.0,0.0,1
Rickey Hunt Jr.,171350,HB,OHIO,1,1,0,0,0.0,0,0,1,0,0,0,1,0.0,0,0,259,0,0,66.3,59.1,69.5,,,66.7,56.4,,1,0,8,1,5,2,0,0,1,2,0,1,1,1.0,1.0,1.6,1
Messiah Burch,171198,HB,BUFFALO,1,1,0,0,0.0,0,0,4,0,0,0,0,0.0,0,0,126,0,1,64.3,56.1,69.7,,,58.8,57.9,60.0,4,0,5,1,3,4,0,0,1,2,0,4,0,0.0,4.0,1.67,0
Bryce Farrell,131758,WR,STANFORD,1,1,0,0,,0,0,0,0,0,0,1,0.0,0,0,300,0,0,62.5,57.1,64.8,,,,59.4,,0,0,0,0,0,1,0,0,0,1,0,0,1,1.0,0.0,,0
DJ Riles,156596,WR,GA STATE,1,1,0,1,100.0,17,0,17,0,0,0,9,0.0,1,1,175,0,0,66.2,59.3,75.9,,,52.7,63.2,80.7,17,0,0,0,13,6,0,0,1,1,0,17,9,9.0,17.0,0.0,0
Jabre Barber,123689,WR,TEXAS A&M,1,1,0,0,0.0,0,0,3,1,0,0,1,0.0,0,0,312,0,1,65.3,54.2,78.0,,,54.9,57.3,59.2,3,0,44,2,40,26,0,0,5,3,0,3,1,1.0,3.0,1.1,0
Tavierre Dunlap,132720,HB,MICHIGAN,1,1,1,1,100.0,20,0,20,0,0,1,17,1.7e3,1,1,222,0,0,62.5,65.8,62.7,,,,63.5,,20,0,0,0,0,1,0,0,0,1,1,20,17,17.0,20.0,,1
Kyle Lowe,156595,QB,GA STATE,1,1,0,0,,0,0,0,0,0,0,0,0.0,0,0,175,0,0,62.5,58.9,63.6,,,,59.6,,0,0,0,0,0,1,0,0,0,1,0,0,0,0.0,0.0,,1
Larenzo McMillan,138489,WR,NEW MEX ST,1,1,0,0,0.0,0,0,13,0,0,0,1,0.0,1,1,242,0,1,67.8,69.9,65.6,,,,63.4,60.0,13,0,0,0,0,2,0,0,0,1,0,13,1,1.0,13.0,,0
Chayden Peery,143925,QB,FIU,1,1,0,0,0.0,0,0,-1,0,0,0,0,0.0,0,0,166,0,0,62.5,60.0,63.6,,,,60.0,,-1,0,0,0,0,1,0,0,0,1,0,-1,0,0.0,-1.0,,0
Patrick Rea,156583,P,LA TECH,1,1,2,1,100.0,26,0,26,0,0,2,8,1.6e3,1,1,208,0,0,62.5,79.2,69.8,,,,68.0,60.0,26,0,0,0,0,2,0,0,0,1,0,26,8,8.0,26.0,,0
Kamdyn Benjamin,123241,WR,TULSA,1,1,0,0,0.0,0,0,-2,0,1,0,0,0.0,0,0,320,0,1,72.3,67.9,79.9,,,68.3,59.5,60.2,-2,0,61,4,37,41,0,0,6,5,0,-2,0,0.0,-2.0,1.65,0
Moochie Dixon,123112,WR,SMU,1,1,0,0,0.0,0,0,2,0,0,0,2,0.0,0,0,287,0,0,66.5,76.5,79.0,,,77.2,59.5,59.1,2,0,89,4,25,30,0,0,5,5,0,2,2,2.0,2.0,3.56,0
KC Concepcion,170362,WR,NC STATE,1,1,1,0,0.0,0,0,3,2,0,1,6,150.0,0,0,248,0,0,66.0,48.2,77.0,,,48.1,59.5,61.1,3,0,21,3,36,17,0,0,8,4,0,3,6,6.0,3.0,0.58,0
Kewan Lacy,190221,HB,MISSOURI,1,1,0,0,0.0,0,0,6,0,0,0,1,0.0,0,0,229,0,0,62.5,65.2,63.5,,,,63.3,,6,0,0,0,0,1,0,0,0,1,0,6,1,1.0,6.0,,1
Terrell Washington Jr.,170178,WR,IOWA,1,1,0,0,,0,0,0,0,0,0,,0.0,0,0,192,0,0,62.4,53.3,65.9,,,60.5,56.7,,0,0,3,1,1,0,0,1,1,1,0,0,0,0.0,0.0,3.0,0
Oronde Gadsden II,144046,TE,SYRACUSE,1,1,0,0,0.0,0,0,12,0,0,0,9,0.0,1,1,304,0,0,69.0,78.6,79.8,,71.3,75.2,62.7,64.2,12,0,103,11,42,28,0,0,12,12,0,12,9,9.0,12.0,2.45,0
David Lynch,170120,QB,PITTSBURGH,1,1,0,0,0.0,0,0,0,0,0,0,,100.0,0,0,268,0,0,65.4,59.0,70.4,63.3,,,56.3,60.0,2,0,0,0,0,1,2,1,0,0,0,2,2,2.0,2.0,,0
Jacob Conover,70963,QB,UTAH ST,1,1,0,0,0.0,0,0,-1,0,0,0,0,0.0,0,0,329,0,0,62.5,60.0,63.6,,,,60.0,,-1,0,0,0,0,1,0,0,0,1,0,-1,0,0.0,-1.0,,0
Jarvis Green,170007,HB,CLEMSON,1,1,1,0,0.0,0,0,13,0,0,1,10,1.0e3,1,1,140,0,0,62.5,68.6,70.2,,75.6,58.2,63.2,60.0,13,0,0,0,3,2,0,0,0,1,0,13,10,10.0,13.0,0.0,1
Jacolby Criswell,122830,QB,N CAROLINA,1,1,1,0,0.0,0,0,0,0,0,0,,100.0,0,1,245,0,0,69.0,40.0,76.3,37.4,,,63.1,60.0,6,1,0,0,0,17,6,1,0,0,0,6,9,9.0,6.0,,0
Bob Schick,144103,G,VA TECH,1,0,0,0,0.0,0,0,0,0,0,0,,100.0,1,0,337,1,0,,64.8,79.2,,81.0,,,61.0,11,0,0,0,0,24,0,0,0,0,0,11,,,,,0
Barrett Carter,144109,LB,CLEMSON,1,1,0,0,0.0,0,0,4,0,0,0,0,0.0,0,1,140,0,1,62.5,64.8,63.8,,,,62.4,,4,1,0,0,0,1,0,0,0,1,1,4,0,0.0,4.0,,0
Tyler Shough,83537,QB,LOUISVILLE,1,1,0,0,0.0,0,0,0,0,0,0,,100.0,0,1,210,0,0,68.3,83.0,23.3,83.4,,,63.1,60.0,9,1,0,0,0,36,9,1,0,0,0,9,1,1.0,9.0,,0
Bailey Stockton,175368,WR,GA TECH,1,1,2,0,0.0,0,0,4,0,0,2,9,300.0,0,0,176,0,1,73.3,66.0,77.1,,,65.2,63.1,55.1,4,0,54,5,30,19,0,0,6,6,0,4,9,9.0,4.0,1.8,0
Duane Martin,122716,FB,LOUISVILLE,1,1,0,0,,0,0,0,0,0,0,0,0.0,0,0,210,0,0,62.5,49.4,73.1,,0.0,58.2,58.7,56.5,0,0,0,0,2,10,0,0,0,1,0,0,0,0.0,0.0,0.0,0
C'Quan Jnopierre,165468,WR,FIU,1,1,0,0,,0,0,0,0,0,0,3,0.0,0,0,166,0,1,67.1,50.6,72.4,,,53.5,57.3,60.0,0,0,0,0,10,3,0,0,0,1,0,0,3,3.0,0.0,0.0,0
Luke Grimm,122561,WR,KANSAS,1,1,0,0,0.0,0,0,7,0,0,0,2,0.0,0,0,198,0,1,69.9,70.2,77.7,,,67.7,63.2,61.3,7,0,35,4,22,37,0,0,6,5,0,7,2,2.0,7.0,1.59,0
Addison Ostrenga,156430,TE,IOWA,1,1,0,0,0.0,0,0,-3,0,0,0,1,0.0,0,0,192,0,0,61.0,44.7,76.3,,43.2,69.2,,40.0,-3,0,14,1,8,37,0,0,1,2,0,-3,1,1.0,-3.0,1.75,0
Casey Thompson,77677,QB,OKLAHOMA,1,1,0,0,0.0,0,0,-3,0,0,0,0,0.0,0,0,261,0,0,62.5,60.0,63.6,,,,60.0,,-3,0,0,0,0,1,0,0,0,1,0,-3,0,0.0,-3.0,,0
Chubba Purdy,122412,QB,NEVADA,1,1,0,0,0.0,0,0,1,0,0,0,1,0.0,0,0,239,0,1,62.5,58.9,63.6,,,,59.6,,1,0,0,0,0,1,0,0,0,1,0,1,1,1.0,1.0,,0
Matt Jones,146805,HB,OLE MISS,1,1,0,0,0.0,0,0,4,0,0,0,0,0.0,0,0,226,0,1,62.5,57.4,69.5,,,54.8,59.7,,4,0,0,0,6,1,0,0,0,1,0,4,0,0.0,4.0,0.0,0
Wise Segars Jr.,144137,HB,CLEMSON,1,1,0,0,0.0,0,0,12,0,0,0,6,0.0,1,1,140,0,1,62.5,65.6,63.5,,,,62.1,,12,0,0,0,0,1,0,0,0,1,0,12,6,6.0,12.0,,0
Beau Pribula,164182,QB,PENN STATE,1,1,1,0,0.0,0,0,4,0,0,1,5,500.0,0,0,266,0,0,62.5,65.8,69.6,,,58.9,63.1,60.0,4,0,0,0,1,5,0,0,0,1,0,4,5,5.0,4.0,0.0,1
Cristian Driver,164165,WR,MINNESOTA,1,1,2,0,0.0,0,0,4,0,0,2,7,1.4e3,0,0,225,0,0,62.5,68.7,69.0,,,57.0,63.2,84.0,4,0,0,0,4,2,0,0,0,1,0,4,7,7.0,4.0,0.0,0
Roderick Daniels Jr.,144356,WR,SMU,1,1,0,0,0.0,0,0,3,0,3,0,3,150.0,0,0,287,0,1,74.9,69.4,79.0,,,70.6,59.6,60.0,3,0,58,5,29,26,0,0,5,6,0,3,3,3.0,3.0,2.0,0
Bill Jackson,144448,HB,TULSA,1,1,0,0,0.0,0,0,1,0,0,0,1,0.0,0,0,320,1,1,11.1,33.7,69.0,,70.0,57.4,42.5,,1,0,0,0,4,1,0,0,0,1,0,1,1,1.0,1.0,0.0,0
Darrell Gill Jr.,176036,WR,SYRACUSE,1,1,0,0,0.0,0,0,3,0,2,0,1,20.0,0,0,304,0,0,68.9,82.7,78.1,,,82.5,57.7,61.7,3,0,177,9,40,20,0,0,10,10,0,3,1,1.0,3.0,4.43,0
Tiaquelin Mims,163565,WR,SO MISS,1,1,0,0,0.0,0,0,8,0,0,0,3,0.0,0,0,296,0,0,73.2,58.4,76.6,,,56.9,63.2,58.1,8,0,19,3,32,19,0,0,5,4,0,8,3,3.0,8.0,0.59,0
Bishop Davenport,163426,QB,S ALABAMA,1,1,0,0,,0,0,0,0,0,0,2,0.0,0,0,288,0,1,62.5,57.9,63.6,,,,59.5,,0,0,0,0,0,1,0,0,0,1,0,0,2,2.0,0.0,,0
Tommy Maher,191062,WR,COLO STATE,1,1,0,0,0.0,0,0,5,0,0,0,2,0.0,0,1,144,0,0,62.5,61.4,69.1,,,56.3,62.7,59.6,5,0,0,0,4,3,0,0,1,1,0,5,2,2.0,5.0,0.0,0
Junior Vandeross III,163156,WR,TOLEDO,1,1,0,0,0.0,0,0,4,0,0,0,5,0.0,0,0,316,1,0,14.2,57.9,77.4,,,65.7,50.0,55.1,4,0,26,4,29,11,0,0,6,5,0,4,5,5.0,4.0,0.9,1
Chrishon McCray,163139,WR,KENT STATE,1,1,3,1,100.0,19,0,19,1,0,3,22,1650.0,1,1,201,0,0,66.0,76.2,76.5,,,70.1,68.3,60.4,19,0,93,3,25,11,0,0,4,4,0,19,22,22.0,19.0,3.72,0
Harold Fannin Jr.,163104,TE,BOWL GREEN,1,1,1,0,0.0,0,0,2,0,3,1,5,200.0,0,0,122,0,0,67.5,84.5,0.0,,,87.4,,64.8,2,1,125,9,27,16,0,0,11,10,0,2,5,5.0,2.0,4.63,0
Djouvensky Schlenbaker,157345,HB,WASH STATE,1,1,0,0,0.0,0,0,2,0,0,0,1,0.0,0,1,341,0,1,62.5,63.0,70.1,,72.2,60.0,62.4,56.1,2,0,0,0,1,7,0,0,0,1,0,2,1,1.0,2.0,0.0,0
Jordan Ross,191068,WR,COLO STATE,1,1,1,0,0.0,0,0,-6,0,0,1,0,0.0,0,0,144,0,0,65.3,61.0,75.4,,,61.2,59.5,61.1,-6,0,28,2,14,8,0,0,3,3,0,-6,0,0.0,-6.0,2.0,0
Melquan Stovall,74267,WR,ARIZONA ST,1,1,0,0,0.0,0,0,1,0,0,0,2,0.0,0,0,110,0,1,64.3,59.6,76.2,,,60.0,59.2,60.9,1,0,25,1,15,28,0,0,1,2,0,1,2,2.0,1.0,1.67,0
Mike Mitchell,176656,HB,UTAH,1,1,0,0,0.0,0,0,1,0,0,0,1,0.0,0,0,328,0,0,62.5,56.9,68.4,,,,59.6,56.3,1,0,0,0,0,5,0,0,0,1,0,1,1,1.0,1.0,,1
Leo Pulalasi,176689,HB,WASH STATE,1,1,1,0,0.0,0,0,-4,0,0,1,1,100.0,0,0,341,0,0,62.5,58.3,71.7,,73.9,56.3,59.6,60.0,-4,0,0,0,5,3,0,0,0,1,0,-4,1,1.0,-4.0,0.0,1
Sawyer Robertson,146839,QB,BAYLOR,1,1,0,0,0.0,0,0,-2,0,0,0,0,0.0,0,0,118,0,0,68.7,53.3,26.1,53.5,,,60.0,60.2,-2,1,0,0,0,46,0,0,0,1,0,-2,0,0.0,-2.0,,0
Cam Pickett,163093,WR,BALL ST,1,1,0,0,0.0,0,0,-3,1,0,0,0,0.0,0,0,117,0,0,66.7,50.2,78.1,26.8,,59.3,59.5,42.4,-3,0,46,4,39,11,0,0,9,5,0,-3,0,0.0,-3.0,1.18,0
L.T. Sanders,163055,HB,W KENTUCKY,1,1,1,0,0.0,0,0,2,0,0,1,3,150.0,0,0,346,0,1,64.3,57.0,69.7,,,60.9,57.6,,2,0,1,1,4,1,0,0,2,2,0,2,3,3.0,2.0,0.25,0
Preston Daniels,104818,TE,KENNESAW,1,1,0,0,0.0,0,1,3,0,0,0,1,0.0,0,1,200,0,0,62.5,68.2,74.7,,64.5,57.5,62.7,66.0,3,1,0,0,3,21,0,0,0,1,1,3,1,1.0,3.0,0.0,1
Trever Jackson,183303,QB,FLORIDA ST,1,1,0,0,0.0,0,0,2,0,0,0,1,0.0,0,0,167,0,1,62.5,59.1,63.6,,,,59.7,,2,0,0,0,0,1,0,0,0,1,0,2,1,1.0,2.0,,0
K.D. Hutchinson,163045,WR,W KENTUCKY,1,1,0,0,0.0,0,0,-6,0,0,0,1,0.0,0,0,346,0,0,64.3,65.7,70.8,,,69.3,57.5,60.2,-6,0,25,1,4,7,0,0,1,2,0,-6,1,1.0,-6.0,6.25,0
Lawayne McCoy,183307,WR,FLORIDA ST,1,1,0,0,0.0,0,0,1,0,0,0,0,0.0,0,0,167,0,0,69.2,61.2,74.5,,,63.3,57.7,60.7,1,0,10,1,10,12,0,0,1,2,0,1,0,0.0,1.0,1.0,0
Noah Smith,104112,WR,SM HOUSTON,1,1,0,0,0.0,0,0,7,0,0,0,4,0.0,0,0,281,0,1,67.6,68.1,77.2,46.8,,69.7,63.4,58.8,7,0,65,6,27,20,0,0,6,7,0,7,4,4.0,7.0,2.41,0
Jobi Malary,103979,HB,JAMES MAD,1,1,0,0,0.0,0,0,2,0,1,0,2,100.0,0,1,197,0,0,64.3,73.3,71.2,,77.8,78.6,62.3,70.5,2,0,6,1,2,4,0,0,1,2,0,2,2,2.0,2.0,3.0,1
Ta'Quan Roberson,101625,QB,KANSAS ST,1,1,0,0,0.0,0,0,7,0,0,0,2,0.0,0,0,199,0,0,62.5,56.5,68.6,,,,58.2,60.0,7,0,0,0,0,6,0,0,0,1,0,7,2,2.0,7.0,,1
Yasin Willis,183381,HB,SYRACUSE,1,1,0,0,,0,0,0,0,0,0,0,0.0,0,0,304,0,0,66.2,56.3,68.7,,74.8,58.2,57.7,,0,0,0,0,2,1,0,0,0,1,0,0,0,0.0,0.0,0.0,1
Rodney Hill,156290,HB,ARKANSAS,1,1,0,0,0.0,0,0,7,0,0,0,2,0.0,0,0,111,0,0,64.8,64.1,68.8,,,57.6,63.1,60.0,7,0,0,0,3,2,0,0,0,1,0,7,2,2.0,7.0,0.0,1
James Evans,144846,P,INDIANA,1,1,0,0,0.0,0,0,-23,0,0,0,-1,0.0,0,0,190,1,0,11.1,60.0,70.3,,,,60.0,,-23,0,0,0,0,1,0,0,0,1,0,-23,-1,-1.0,-23.0,,0
Nick Marsh,183541,WR,MICH STATE,1,1,0,0,0.0,0,0,11,2,0,0,3,0.0,1,1,223,0,0,65.3,55.2,79.1,,,53.4,63.2,58.6,11,0,25,2,32,35,0,0,9,3,0,11,3,3.0,11.0,0.78,0
Jacory Barney Jr.,183547,WR,NEBRASKA,1,1,0,0,0.0,0,0,11,0,4,0,0,0.0,1,1,238,0,0,70.1,84.0,78.1,,,81.3,63.2,60.8,11,0,85,9,20,9,0,0,11,10,0,11,0,0.0,11.0,4.25,0
Marshall Nichols,146864,P,UNLV,1,1,0,0,,0,0,0,0,0,0,0,0.0,0,0,325,0,0,62.5,60.0,70.3,,,,60.0,,0,0,0,0,0,1,0,0,0,1,0,0,0,0.0,0.0,,0
Luke Reynolds,183611,TE,PENN STATE,1,1,1,1,100.0,32,0,32,0,0,1,6,600.0,1,1,266,0,0,62.5,64.8,74.8,,,53.4,68.0,57.8,32,0,0,0,8,5,0,0,0,1,0,32,6,6.0,32.0,0.0,0
Tyler Crowe,101219,FB,BOISE ST,1,1,0,0,,0,0,0,0,0,0,1,0.0,0,0,120,0,0,62.5,56.7,68.9,,,57.6,59.5,60.0,0,0,0,0,2,2,0,0,0,1,0,0,1,1.0,0.0,0.0,1
Jeremiah Smith,183710,WR,OHIO STATE,1,1,1,0,0.0,0,0,12,0,1,1,17,850.0,1,1,260,0,0,66.0,70.2,77.8,,,68.3,63.2,61.8,12,0,34,3,27,23,0,0,5,4,0,12,17,17.0,12.0,1.26,0
Buck Buchanan,162953,P,LA TECH,1,1,0,0,0.0,0,0,7,0,0,0,2,0.0,0,1,208,0,0,62.5,70.8,60.0,,,,62.7,,7,0,0,0,0,1,0,0,0,1,0,7,2,2.0,7.0,,0
Gabe Ervin Jr.,144996,HB,NEBRASKA,1,1,0,0,0.0,0,0,2,0,0,0,1,0.0,0,0,238,0,1,62.5,56.9,67.9,,,59.9,59.7,60.0,2,0,0,0,1,4,0,0,0,1,0,2,1,1.0,2.0,0.0,0
Jacob Gill,145036,WR,IOWA,1,1,0,0,0.0,0,0,-2,0,0,0,1,0.0,0,0,192,0,0,66.5,65.1,77.8,,,68.2,57.6,55.6,-2,0,29,4,14,38,0,0,4,5,0,-2,1,1.0,-2.0,2.07,0
DeVon Rice,183902,HB,KANSAS ST,1,1,0,0,0.0,0,0,-1,0,0,0,0,0.0,0,0,199,0,0,62.5,56.9,63.5,,,,58.0,,-1,0,0,0,0,1,0,0,0,1,0,-1,0,0.0,-1.0,,1
Jesse Mirco,145081,P,VANDERBILT,1,1,0,0,0.0,0,0,9,0,0,0,3,0.0,0,1,333,0,0,62.5,64.7,70.3,,,,62.7,,9,0,0,0,0,1,0,0,0,1,0,9,3,3.0,9.0,,0
Jake Reichle,162441,HB,OREGON ST,1,1,0,0,,0,0,0,0,0,0,2,0.0,0,0,265,0,1,62.5,57.0,70.8,,,55.5,57.4,65.6,0,0,0,0,4,6,0,0,0,1,0,0,2,2.0,0.0,0.0,0
Kyrese Rowan,100635,WR,UTAH ST,1,1,0,0,0.0,0,0,5,0,0,0,3,0.0,0,1,329,0,1,67.4,73.0,75.4,,,72.5,63.1,57.7,5,0,67,6,13,26,0,0,6,7,1,5,3,3.0,5.0,5.15,0
Brandon Nunez,183978,QB,NEW MEX ST,1,1,0,0,,0,0,0,0,0,0,1,0.0,0,0,242,0,1,64.4,73.9,68.6,82.2,,57.2,58.3,60.0,0,0,0,0,0,3,0,0,0,1,0,0,1,1.0,0.0,,0
Ross Fournet,145218,WR,FIU,1,1,1,1,100.0,49,0,49,0,0,1,7,700.0,1,1,166,0,0,64.8,62.6,73.1,,,54.2,68.0,54.5,49,0,0,0,12,6,0,0,0,1,0,49,7,7.0,49.0,0.0,0
Chandler Pittman,145418,WR,SO MISS,1,1,0,0,0.0,0,0,6,0,0,0,2,0.0,0,0,296,0,0,65.3,67.9,71.6,,,65.6,63.2,54.7,6,0,6,2,7,8,0,0,3,3,0,6,2,2.0,6.0,0.86,0
Kevorian Barnes,145514,HB,UTSA,1,1,0,0,0.0,0,0,2,0,0,0,1,0.0,0,0,331,0,1,62.5,57.4,67.6,,,58.1,59.2,,2,0,0,0,2,1,0,0,0,1,0,2,1,1.0,2.0,0.0,0
Jamoni Jones,156922,HB,VANDERBILT,1,1,0,0,0.0,0,0,3,0,0,0,1,0.0,0,0,333,0,1,62.5,54.8,64.5,,63.6,,57.9,60.0,3,0,0,0,0,2,0,0,0,1,0,3,1,1.0,3.0,,0
Lucky Sutton,158807,HB,S DIEGO ST,1,1,0,1,100.0,17,0,17,0,0,0,0,0.0,1,1,284,0,0,62.5,74.0,69.1,,36.3,,69.2,58.7,17,0,0,0,0,4,0,0,0,1,0,17,0,0.0,17.0,,1
Oran Singleton Jr.,145589,WR,E MICHIGAN,1,1,0,0,0.0,0,0,-2,0,0,0,3,0.0,0,0,160,0,0,71.1,53.6,77.1,,,54.3,57.5,60.3,-2,0,12,2,40,21,0,0,8,3,0,-2,3,3.0,-2.0,0.3,0
Cole Turner,156239,WR,CLEMSON,1,1,1,0,0.0,0,0,0,0,0,0,,0.0,1,1,140,0,0,67.7,73.1,74.4,,,65.9,69.3,61.0,23,0,33,3,16,9,23,1,3,3,0,23,9,9.0,23.0,2.06,0
Jake Schultz,99306,TE,OKLA STATE,1,1,0,0,,0,0,0,0,0,0,0,0.0,0,0,262,0,0,64.8,66.2,76.1,,71.7,49.2,57.8,83.0,0,0,0,0,9,22,0,0,0,1,0,0,0,0.0,0.0,0.0,0
Tyler Morris,158544,WR,MICHIGAN,1,1,0,0,0.0,0,0,9,0,0,0,3,0.0,0,0,222,0,0,70.5,64.9,77.7,,,66.2,63.2,41.7,9,0,64,7,28,25,0,0,9,8,0,9,3,3.0,9.0,2.29,0
Johnathan Montague Jr.,190197,WR,BOSTON COL,1,1,0,1,100.0,24,0,24,0,2,0,1,100.0,1,1,121,0,0,64.3,65.4,72.7,,,62.3,63.2,60.0,24,0,7,1,11,2,0,0,1,2,1,24,1,1.0,24.0,0.64,0
Jerrick Gibson,184509,HB,TEXAS,1,1,0,0,0.0,0,0,3,0,0,0,2,0.0,0,0,311,1,0,11.1,29.4,68.0,,,,50.1,59.6,3,0,0,0,0,3,0,0,0,1,0,3,2,2.0,3.0,,1
Josh Dallas,158343,WR,GA SOUTHRN,1,1,0,0,0.0,0,0,6,0,0,0,3,0.0,0,0,174,1,0,17.5,49.9,78.6,,,48.6,,55.2,6,0,25,3,26,19,0,0,3,4,0,6,3,3.0,6.0,0.96,0
Jacob Jordan,184597,WR,OKLAHOMA,1,1,0,0,0.0,0,0,3,0,0,0,3,0.0,0,0,261,0,1,64.3,60.9,72.6,,,63.4,57.4,59.8,3,0,5,1,10,9,0,0,1,2,0,3,3,3.0,3.0,0.5,0
Dominick Mazotti,98717,TE,UMASS,1,1,0,0,0.0,0,0,3,0,0,0,3,0.0,0,1,216,0,0,62.5,60.8,74.7,,67.4,54.2,63.3,56.4,3,0,0,0,7,17,0,0,0,1,0,3,3,3.0,3.0,0.0,0
Cutter Boley,184630,QB,KENTUCKY,1,1,0,0,,0,0,0,0,0,0,0,0.0,0,0,202,2,1,16.5,67.3,74.3,76.6,,,42.5,60.0,0,0,0,0,0,10,0,0,0,1,0,0,0,0.0,0.0,,0
Steve Angeli,156966,QB,NOTRE DAME,1,1,0,0,0.0,0,0,-2,0,0,0,0,0.0,0,0,258,0,0,65.5,70.9,70.1,70.4,,,60.0,60.0,-2,0,0,0,0,5,0,0,0,1,0,-2,0,0.0,-2.0,,0
Eli Stowers,147013,TE,VANDERBILT,1,1,0,0,0.0,0,0,1,0,0,0,3,0.0,0,0,333,0,1,65.3,58.4,0.0,,,60.5,59.2,71.5,1,1,11,2,20,10,0,0,3,3,0,1,3,3.0,1.0,0.55,0
Jeremiah Salem,157478,QB,E MICHIGAN,1,1,0,0,0.0,0,0,0,0,0,0,,100.0,0,0,160,0,0,65.1,35.7,70.7,36.9,,,57.3,60.0,1,0,0,0,0,3,1,1,0,0,0,1,0,0.0,1.0,,0
John White,184784,QB,SO MISS,1,1,0,0,0.0,0,0,-11,0,0,0,-4,0.0,0,0,296,1,1,18.2,27.6,71.8,36.2,,,43.0,60.0,-11,0,0,0,0,8,0,0,0,1,0,-11,-4,-4.0,-11.0,,0
Hayden Wolff,98362,QB,W MICHIGAN,1,1,0,0,0.0,0,0,0,0,0,0,,100.0,0,0,347,0,0,68.1,61.3,75.5,61.6,,,57.8,60.0,3,0,0,0,0,20,3,1,0,0,0,3,2,2.0,3.0,,0
Dalen Cobb,158341,WR,GA SOUTHRN,1,1,1,0,0.0,0,0,-7,3,0,1,2,66.7,0,0,174,0,0,65.3,47.3,77.4,,,49.3,59.5,45.0,-7,0,30,2,28,17,0,0,7,3,0,-7,2,2.0,-7.0,1.07,0
Simeon Evans,147304,WR,SM HOUSTON,1,1,0,0,0.0,0,0,-1,0,1,0,2,40.0,0,0,281,0,1,68.4,59.7,78.4,,,59.9,59.6,57.4,-1,0,16,4,31,33,0,0,8,5,0,-1,2,2.0,-1.0,0.52,0
Zacharyus Williams,188305,WR,UTAH,1,1,0,0,0.0,0,0,5,0,1,0,5,125.0,0,0,328,0,0,66.0,61.7,77.6,,,59.4,63.3,53.7,5,0,13,3,21,22,0,0,3,4,0,5,5,5.0,5.0,0.62,1
Nick Rempert,97933,WR,N TEXAS,1,1,0,1,100.0,23,0,23,1,0,0,0,0.0,1,1,251,0,0,62.5,49.5,72.9,,,44.8,63.2,59.9,23,0,0,0,4,5,0,0,1,1,0,23,0,0.0,23.0,0.0,0
Terrell McDonald,97922,TE,UAB,1,1,0,0,,0,0,0,0,0,0,0,0.0,0,0,321,0,1,64.3,63.5,76.4,,67.3,65.5,58.5,62.0,0,0,0,0,8,22,0,0,0,1,0,0,0,0.0,0.0,0.0,0
Devin Green,188487,HB,UNLV,1,1,0,0,0.0,0,0,3,0,0,0,2,0.0,0,0,325,0,0,62.5,55.4,66.1,,,58.5,57.5,,3,0,0,0,2,1,0,0,0,1,0,3,2,2.0,3.0,0.0,1
Beau Sparks,173021,WR,TEXAS ST,1,1,0,0,0.0,0,0,-2,0,0,0,1,0.0,0,0,314,0,1,72.2,58.3,76.7,,,57.1,57.6,72.3,-2,0,7,2,28,22,0,0,3,3,0,-2,1,1.0,-2.0,0.25,0
Mekhi Anderson,190253,WR,UTSA,1,1,2,0,0.0,0,0,4,0,0,2,5,1.0e3,0,0,331,0,0,62.5,69.0,63.9,,,,63.2,,4,0,0,0,0,1,0,0,0,1,0,4,5,5.0,4.0,,0
Isaiah Augustave,172398,HB,COLORADO,1,1,0,0,0.0,0,0,6,0,0,0,5,0.0,0,0,143,0,0,65.3,64.8,69.0,,,62.8,63.3,60.0,6,0,9,2,6,2,0,0,2,3,0,6,5,5.0,6.0,1.5,1
Zion Ragins,188780,WR,OKLAHOMA,1,1,0,0,0.0,0,0,3,0,0,0,2,0.0,0,0,261,0,1,62.5,58.5,68.7,,,,59.6,60.0,3,0,0,0,0,2,0,0,0,1,0,3,2,2.0,3.0,,0
Daniel Jackson,129654,WR,MINNESOTA,1,1,2,0,0.0,0,0,5,1,1,2,16,685.7,0,0,225,0,0,67.4,73.4,77.8,,,74.6,63.4,43.9,5,0,90,6,25,23,0,0,8,7,0,5,16,16.0,5.0,3.6,0
Cash Jones,155211,HB,GEORGIA,1,1,0,0,0.0,0,0,6,1,0,0,1,0.0,0,1,173,0,0,67.3,55.4,72.5,,1.1,50.8,62.3,,6,0,27,4,19,1,0,0,6,5,0,6,1,1.0,6.0,1.42,1
Joquez Smith,173281,HB,TEMPLE,1,1,0,0,0.0,0,0,7,0,0,0,3,0.0,0,0,306,0,0,62.5,52.8,68.3,,63.9,59.2,57.1,,7,0,0,0,1,1,0,0,0,1,0,7,3,3.0,7.0,0.0,0
Kirk Francis,173296,QB,TULSA,1,1,0,0,0.0,0,0,0,0,0,0,,100.0,0,0,320,0,0,65.8,84.2,73.1,87.6,,,57.0,60.0,1,0,0,0,0,12,1,1,0,0,0,1,0,0.0,1.0,,0
Kam Shanks,173347,WR,UAB,1,1,0,0,0.0,0,0,4,0,0,0,2,0.0,0,0,321,0,1,69.3,60.8,0.0,,,67.3,57.4,40.7,4,1,51,7,20,8,0,0,9,8,0,4,2,2.0,4.0,2.55,0
Dan Villari,129602,TE,SYRACUSE,1,1,1,0,0.0,0,0,2,0,0,1,4,400.0,0,0,304,0,1,62.5,54.4,73.6,,68.3,57.2,59.7,51.4,2,0,0,0,2,12,0,0,0,1,0,2,4,4.0,2.0,0.0,0
Broc Lowry,173383,QB,W MICHIGAN,1,1,0,0,0.0,0,0,4,0,0,0,1,0.0,0,0,347,0,0,63.7,55.3,65.5,60.6,,,57.3,,4,0,0,0,0,1,0,0,0,1,0,4,1,1.0,4.0,,1
Eli Holstein,172381,QB,PITTSBURGH,1,1,0,0,0.0,0,0,0,0,0,0,,100.0,0,1,268,0,0,64.6,46.6,70.7,37.7,,,64.1,60.0,9,0,0,0,0,5,9,1,0,0,0,9,0,0.0,9.0,,0
Eamonn Dennis,129575,WR,OHIO,1,1,1,0,0.0,0,0,1,0,0,1,1,100.0,0,0,259,0,1,64.8,51.5,70.0,,,58.3,57.5,55.6,1,0,0,0,2,5,0,0,1,1,0,1,1,1.0,1.0,0.0,0
Marquese Williams,173426,HB,AKRON,1,1,1,0,0.0,0,0,5,0,0,1,5,500.0,0,1,102,0,0,62.5,69.0,68.0,,,,62.7,60.0,5,0,0,0,0,3,0,0,0,1,0,5,5,5.0,5.0,,1
Anthony Eager,172306,WR,S ALABAMA,1,1,0,1,100.0,20,0,20,0,0,0,4,0.0,1,1,288,0,0,64.3,66.3,71.2,,,60.5,63.2,60.4,20,0,2,1,2,6,0,0,1,2,0,20,4,4.0,20.0,1.0,0
Damian Henderson II,173465,HB,COLO STATE,1,1,0,0,0.0,0,0,3,0,0,0,2,0.0,0,1,144,0,0,62.5,68.6,68.7,,70.0,59.8,62.4,65.0,3,0,0,0,1,3,0,0,0,1,0,3,2,2.0,3.0,0.0,1
Kyle Williams,128374,WR,WASH STATE,1,1,0,0,0.0,0,0,10,2,2,0,1,33.3,1,1,341,1,0,15.6,60.0,0.0,,,62.7,63.2,60.7,10,2,93,5,26,19,0,0,7,6,0,10,1,1.0,10.0,3.58,0
Dorian Fleming,172225,TE,GA STATE,1,1,0,0,0.0,0,0,-3,0,2,0,0,0.0,0,0,175,0,0,67.0,89.5,77.0,,48.4,92.0,57.7,69.3,-3,0,88,5,17,37,0,0,8,6,0,-3,0,0.0,-3.0,5.18,0
Brock Vandagriff,146713,QB,KENTUCKY,1,1,0,0,0.0,0,0,0,0,0,0,,100.0,0,0,202,0,0,65.4,46.9,73.0,47.0,,,57.8,60.0,3,0,0,0,0,13,3,1,0,0,0,3,2,2.0,3.0,,0
Marquez Taylor,173772,HB,UTEP,1,1,0,0,,0,0,0,0,0,0,2,0.0,0,0,330,0,1,62.5,60.7,68.9,,75.2,,59.8,,0,0,0,0,0,1,0,0,0,1,0,0,2,2.0,0.0,,0
Mac Dalena,128174,WR,FRESNO ST,1,1,0,0,0.0,0,0,4,0,0,0,4,0.0,0,0,169,0,0,68.4,69.8,78.7,,,70.1,57.9,63.5,4,0,81,7,32,26,0,0,7,8,0,4,4,4.0,4.0,2.53,0
Caleb Ramseur,172143,HB,NEVADA,1,1,0,0,0.0,0,0,1,0,0,0,1,0.0,0,0,239,0,0,64.3,59.5,69.7,,,60.5,59.6,,1,0,9,1,2,1,0,0,1,2,0,1,1,1.0,1.0,4.5,1
Michael Kern,97799,QB,WAKE,1,1,0,0,0.0,0,0,0,0,0,0,,100.0,0,0,339,0,0,63.8,47.0,69.1,50.4,,,57.3,60.0,8,0,0,0,0,2,8,1,0,0,0,8,5,5.0,8.0,,0
Devonte Ross,146735,WR,TROY,1,1,0,0,0.0,0,0,14,1,0,0,2,0.0,1,1,318,0,0,72.3,73.9,79.6,,,74.4,63.2,48.4,14,0,95,8,43,31,0,0,12,9,0,14,2,2.0,14.0,2.21,0
Gabriel Benyard,147969,WR,KENNESAW,1,1,0,1,100.0,44,0,44,0,1,0,1,25.0,1,1,200,0,0,73.2,61.5,78.6,,,58.6,69.4,47.8,44,0,36,3,26,26,0,0,5,4,0,44,1,1.0,44.0,1.38,0
Fredrick Moore,174042,WR,MICHIGAN,1,1,0,0,0.0,0,0,7,0,0,0,1,0.0,0,0,222,0,0,65.3,64.9,76.1,,,63.6,57.5,77.6,7,0,26,2,19,12,0,0,2,3,0,7,1,1.0,7.0,1.37,0
Cade Harris,157896,HB,AIR FORCE,1,1,0,0,0.0,0,0,5,0,0,0,4,0.0,0,0,101,0,1,66.2,55.9,76.7,,,37.2,63.1,63.1,5,0,0,0,3,49,0,0,0,1,0,5,4,4.0,5.0,0.0,0
Kris Hutson,131713,WR,WASH STATE,1,1,0,0,0.0,0,0,4,0,0,0,3,0.0,0,0,341,0,1,67.0,66.7,77.4,,,66.7,59.5,61.1,4,0,65,5,26,21,0,0,7,6,0,4,3,3.0,4.0,2.5,0
David Amador II,174085,WR,UTSA,1,1,0,0,0.0,0,0,-8,0,2,0,0,0.0,0,0,331,0,0,66.7,81.2,76.5,,,79.9,,61.5,-8,0,71,6,21,19,0,0,6,7,0,-8,0,0.0,-8.0,3.38,0
Derrick Davis Jr.,146794,HB,PITTSBURGH,1,1,0,0,,0,0,0,1,0,0,0,0.0,0,0,268,0,0,66.2,45.4,68.4,,,29.3,58.9,,0,0,0,0,4,1,0,0,1,1,0,0,0,0.0,0.0,0.0,1
Jaylin Noel,125155,WR,IOWA STATE,1,1,3,0,0.0,0,0,5,0,0,3,11,550.0,0,0,193,0,0,70.1,64.9,78.5,,,63.4,63.0,60.7,5,0,41,5,38,22,0,0,9,6,0,5,11,11.0,5.0,1.08,0
Andrew Paul,124736,HB,JVILLE ST,1,1,0,0,0.0,0,0,2,0,0,0,2,0.0,0,0,196,0,0,64.3,60.3,68.5,,73.4,60.9,59.6,60.0,2,0,-2,1,3,2,0,0,1,2,0,2,2,2.0,2.0,-0.67,1
Connor Walendzak,171392,HB,TOLEDO,1,1,0,0,0.0,0,0,2,1,0,0,3,0.0,0,0,316,0,1,62.5,48.4,71.5,,72.1,29.1,59.4,59.1,2,0,0,0,6,5,0,0,2,1,0,2,3,3.0,2.0,0.0,0
Mason Williams,171367,TE,OHIO,1,1,0,0,0.0,0,0,7,0,0,0,2,0.0,0,1,259,0,0,62.5,54.8,0.0,,68.0,53.5,62.7,56.6,7,1,0,0,9,41,0,0,0,1,0,7,2,2.0,7.0,0.0,0
